-0.94222	-0.191236	-0.186183
-0.926072	0.0369519	-0.318632
-0.941279	-0.00097874	-0.272236
-0.915478	0.12599	-0.326822
-0.950537	-0.132965	-0.194453
-0.913242	0.12962	-0.331661
-0.945812	-0.0377004	-0.252889
-0.951698	-0.0921717	-0.212778
-0.929339	0.0494092	-0.307288
-0.937473	0.0272611	-0.283382
-0.909948	0.131113	-0.339942
-0.923296	0.0594772	-0.323082
-0.922421	0.0706308	-0.323463
-0.90719	0.141132	-0.343423
-0.917593	0.12358	-0.321722
-0.897434	0.163364	-0.358936
-0.916109	0.152307	-0.313513
-0.904326	0.17487	-0.335382
-0.928233	0.193275	-0.246556
-0.908532	0.178998	-0.321557
-0.921062	0.180831	-0.282085
-0.900364	0.192248	-0.336594
-0.908796	0.20717	-0.303353
-0.899187	0.190916	-0.340484
-0.915677	0.228263	-0.265019
-0.901029	0.195578	-0.332898
-0.915706	0.235131	-0.259125
-0.895018	0.203176	-0.344367
-0.905035	0.226344	-0.301
-0.886829	0.193026	-0.370421
-0.897167	0.247843	-0.307399
-0.890507	0.213148	-0.350038
-0.894478	0.164961	-0.365484
-0.887037	0.223349	-0.352413
-0.887164	0.213612	-0.358142
-0.876455	0.191095	-0.39532
-0.868918	0.229128	-0.391669
-0.885473	0.206629	-0.366395
-0.929285	-0.264988	-0.15716
-0.945646	-0.184212	-0.175146
-0.91718	-0.314622	-0.134951
-0.948477	-0.0920693	-0.227463
-0.916264	-0.323495	-0.118483
-0.939992	-0.228452	-0.151274
-0.95768	-0.109049	-0.172443
-0.963056	-0.0783192	-0.157237
-0.954959	-0.162141	-0.141777
-0.956057	0.00255943	-0.212593
-0.962878	-0.0149331	-0.176886
-0.954856	0.0576574	-0.209928
-0.943386	0.122937	-0.233132
-0.938466	0.125129	-0.251581
-0.952748	0.108552	-0.197481
-0.935232	0.153237	-0.247756
-0.951493	0.111007	-0.202407
-0.950021	0.120249	-0.20403
-0.942523	0.171873	-0.199245
-0.940536	0.170083	-0.21315
-0.935271	0.199541	-0.20966
-0.930966	0.211639	-0.219806
-0.930131	0.212294	-0.222551
-0.916052	0.216294	-0.273393
-0.930572	0.216973	-0.215282
-0.926042	0.224611	-0.229554
-0.925906	0.230829	-0.223266
-0.899134	0.210525	-0.328856
-0.916451	0.231766	-0.259583
-0.895029	0.220027	-0.333876
-0.901342	0.228051	-0.310773
-0.902625	0.235558	-0.301123
-0.882952	0.238143	-0.352939
-0.886643	0.231698	-0.347967
-0.878078	0.236686	-0.365923
-0.875964	0.217747	-0.382386
-0.888564	0.274818	-0.309394
-0.882293	0.25684	-0.341369
-0.862068	-0.455474	-0.0882991
-0.885943	-0.404173	-0.102143
-0.83995	-0.497928	-0.0710648
-0.87076	-0.439368	-0.0857397
-0.934287	-0.259945	-0.134298
-0.952655	-0.151955	-0.167897
-0.947697	-0.207209	-0.12981
-0.935887	-0.262142	-0.115774
-0.961338	-0.106441	-0.149312
-0.963332	-0.0569112	-0.165359
-0.962808	-0.0864196	-0.152763
-0.96476	-0.0223006	-0.164825
-0.963201	0.00906893	-0.174402
-0.95785	0.0618078	-0.19339
-0.961665	0.0473994	-0.176574
-0.961051	0.0542691	-0.177307
-0.963174	0.0285924	-0.171456
-0.951101	0.128561	-0.191289
-0.950123	0.133296	-0.191674
-0.942587	0.172316	-0.19836
-0.940973	0.179148	-0.198695
-0.935235	0.201502	-0.207804
-0.932709	0.20939	-0.212958
-0.927597	0.22033	-0.226297
-0.93134	0.212716	-0.21587
-0.928759	0.221875	-0.218563
-0.925302	0.233615	-0.222581
-0.920695	0.231014	-0.244882
-0.917129	0.24158	-0.247853
-0.914496	0.25008	-0.249053
-0.897427	0.249844	-0.304975
-0.909828	0.268874	-0.246371
-0.898607	0.262714	-0.290425
-0.888502	0.247261	-0.332066
-0.901153	0.279957	-0.26506
-0.896631	0.270657	-0.28897
-0.900019	0.30275	-0.242946
-0.880041	0.246055	-0.354851
-0.757868	-0.619164	-0.0297438
-0.825925	-0.522226	-0.0616225
-0.763478	-0.612006	-0.0289048
-0.814326	-0.541037	-0.0490248
-0.894959	-0.386173	-0.0881605
-0.840737	-0.497834	-0.0551834
-0.908366	-0.351223	-0.0910936
-0.894131	-0.388866	-0.0840775
-0.928453	-0.290338	-0.105556
-0.956593	-0.153094	-0.139823
-0.948596	-0.201923	-0.12923
-0.956463	-0.152692	-0.137935
-0.962864	-0.0853022	-0.152514
-0.964145	-0.021089	-0.165447
-0.964521	-0.00691345	-0.165118
-0.963242	0.0207581	-0.169851
-0.962445	0.0348961	-0.171761
-0.957449	0.0889533	-0.180004
-0.948145	0.152195	-0.19064
-0.954032	0.115807	-0.185338
-0.943686	0.172391	-0.195189
-0.935683	0.200018	-0.207032
-0.932964	0.210023	-0.211417
-0.929732	0.219121	-0.217589
-0.929059	0.218019	-0.220441
-0.926962	0.225468	-0.222738
-0.923226	0.237525	-0.226475
-0.92364	0.236247	-0.227815
-0.919912	0.251543	-0.226365
-0.913	0.251272	-0.253261
-0.910936	0.274195	-0.236036
-0.907574	0.285164	-0.235866
-0.906441	0.270884	-0.256416
-0.90288	0.304896	-0.229205
-0.900101	0.281644	-0.266653
-0.892322	0.278459	-0.29474
-0.90239	0.30749	-0.227509
-0.891832	0.288293	-0.286877
-0.672319	-0.711816	0.00682858
-0.715583	-0.668045	-0.00948484
-0.684349	-0.700137	0.00380319
-0.708176	-0.676066	-0.00510842
-0.816981	-0.537085	-0.0440639
-0.710957	-0.672808	-0.00353151
-0.833819	-0.509147	-0.0493611
-0.864149	-0.454285	-0.0631176
-0.917502	-0.325655	-0.0961406
-0.946415	-0.215297	-0.123321
-0.932372	-0.276096	-0.107834
-0.955574	-0.161112	-0.132818
-0.964733	-0.0572322	-0.153655
-0.96377	-0.0706247	-0.152324
-0.963257	-0.0867266	-0.147949
-0.964587	-0.0184461	-0.160596
-0.96504	-0.0254896	-0.158469
-0.96102	0.0605768	-0.174877
-0.956584	0.104491	-0.180888
-0.949787	0.144474	-0.188934
-0.94597	0.163241	-0.192409
-0.938805	0.188284	-0.204961
-0.936311	0.195713	-0.209256
-0.934162	0.203454	-0.211481
-0.930178	0.214018	-0.219785
-0.924753	0.230209	-0.227322
-0.923627	0.23243	-0.229817
-0.92213	0.245439	-0.223971
-0.914012	0.263716	-0.235806
-0.915128	0.263427	-0.231349
-0.909746	0.284696	-0.227105
-0.90779	0.294046	-0.223125
-0.905428	0.30246	-0.221922
-0.905366	0.295605	-0.230912
-0.903787	0.308574	-0.220379
-0.902399	0.311319	-0.222412
-0.900546	0.317687	-0.220804
-0.901471	0.306166	-0.233146
-0.620446	-0.757118	0.0253833
-0.640131	-0.740723	0.0187939
-0.641517	-0.739539	0.019401
-0.681375	-0.702912	0.00727478
-0.691823	-0.692574	0.00600627
-0.754409	-0.62317	-0.0163216
-0.78083	-0.589322	-0.0263064
-0.830824	-0.514497	-0.0469677
-0.893809	-0.39065	-0.0773022
-0.917681	-0.326618	-0.090913
-0.92493	-0.303169	-0.0966287
-0.935613	-0.263738	-0.108524
-0.942295	-0.23429	-0.116887
-0.949214	-0.200782	-0.124452
-0.960612	-0.126782	-0.136418
-0.963735	-0.0927003	-0.142873
-0.960886	0.0697666	-0.173279
-0.965647	-0.0272074	-0.156453
-0.957976	0.0953132	-0.179548
-0.949926	0.143494	-0.189122
-0.94897	0.148307	-0.190248
-0.94351	0.173355	-0.196528
-0.938781	0.189118	-0.204872
-0.933793	0.202984	-0.214194
-0.930886	0.211802	-0.21721
-0.925954	0.224741	-0.226497
-0.919453	0.242443	-0.235741
-0.921082	0.242405	-0.230624
-0.916741	0.24987	-0.238793
-0.912702	0.263611	-0.239953
-0.911634	0.270645	-0.235749
-0.906763	0.295351	-0.224981
-0.906487	0.29524	-0.226804
-0.902198	0.310386	-0.223995
-0.892229	0.337807	-0.223941
-0.902932	0.313307	-0.216821
-0.898272	0.326015	-0.217747
-0.901221	0.314757	-0.222191
-0.607414	-0.767594	0.0288831
-0.61237	-0.763523	0.027985
-0.600659	-0.772901	0.031669
-0.633516	-0.746024	0.0233032
-0.649658	-0.732173	0.0199605
-0.736663	-0.644616	-0.00862338
-0.676643	-0.707004	0.0122475
-0.842545	-0.494786	-0.0481629
-0.907795	-0.355609	-0.0835969
-0.900964	-0.373325	-0.0793962
-0.901027	-0.373398	-0.0783868
-0.924107	-0.306933	-0.0953187
-0.927896	-0.294349	-0.0986325
-0.941882	-0.240054	-0.110319
-0.958667	-0.143842	-0.132657
-0.965582	-0.0518778	-0.149807
-0.963155	0.0427465	-0.169533
-0.962997	0.0465367	-0.170335
-0.966108	-0.000691066	-0.159052
-0.955293	0.113197	-0.182836
-0.950276	0.143096	-0.186833
-0.940626	0.183789	-0.2007
-0.937217	0.19408	-0.206938
-0.932871	0.206164	-0.215
-0.928274	0.220039	-0.220821
-0.923686	0.231148	-0.229216
-0.922397	0.234594	-0.230678
-0.919613	0.245769	-0.232643
-0.911155	0.260276	-0.247813
-0.910811	0.265495	-0.24455
-0.906732	0.272972	-0.250522
-0.90895	0.276421	-0.239434
-0.903527	0.299735	-0.232133
-0.903442	0.309425	-0.219947
-0.878854	0.370506	-0.225024
-0.89716	0.329294	-0.217401
-0.889204	0.350674	-0.216624
-0.892028	0.343149	-0.216938
-0.571456	-0.794509	0.0382675
-0.587872	-0.782492	0.0336636
-0.582793	-0.786281	0.0353478
-0.610871	-0.764628	0.0298963
-0.619615	-0.757048	0.0290105
-0.657943	-0.724087	0.0233754
-0.723319	-0.659223	0.00109927
-0.825267	-0.524328	-0.0391785
-0.803052	-0.55846	-0.0239072
-0.835795	-0.507284	-0.0374122
-0.92226	-0.313169	-0.0939969
-0.922919	-0.311903	-0.0931132
-0.939037	-0.253162	-0.108628
-0.949593	-0.203404	-0.119714
-0.955293	-0.172364	-0.125644
-0.963395	-0.101742	-0.14147
-0.96146	-0.125586	-0.135892
-0.966256	-0.0155312	-0.157579
-0.96618	-0.00732261	-0.15768
-0.960247	0.0755292	-0.175026
-0.96072	0.0721952	-0.174179
-0.942029	0.179199	-0.197017
-0.943879	0.170285	-0.196676
-0.934013	0.205324	-0.210025
-0.932518	0.210321	-0.211982
-0.925657	0.227856	-0.224549
-0.916779	0.248123	-0.238359
-0.917651	0.24532	-0.239344
-0.904268	0.274464	-0.25728
-0.901062	0.284168	-0.25798
-0.893302	0.311075	-0.254569
-0.905116	0.288184	-0.239998
-0.891172	0.33296	-0.2348
-0.899867	0.320371	-0.219557
-0.884294	0.357084	-0.22547
-0.886369	0.354258	-0.221975
-0.877892	0.374298	-0.223034
-0.881612	0.36385	-0.225283
-0.543972	-0.812846	0.0503837
-0.559528	-0.802713	0.040142
-0.579549	-0.788552	0.0373144
-0.599393	-0.773586	0.0335373
-0.601337	-0.771755	0.0338557
-0.623024	-0.753599	0.0442674
-0.69439	-0.689544	0.0196289
-0.772193	-0.601072	-0.00978438
-0.690668	-0.69331	0.0237198
-0.721129	-0.661735	0.0134091
-0.747459	-0.631616	0.00263361
-0.829909	-0.51738	-0.0329481
-0.883012	-0.417969	-0.0626367
-0.91578	-0.334523	-0.0858541
-0.877145	-0.430816	-0.0570455
-0.939543	-0.253941	-0.106805
-0.940381	-0.2505	-0.107137
-0.963286	-0.108165	-0.138491
-0.966315	-0.0286738	-0.153985
-0.964326	0.0335613	-0.165482
-0.961313	0.0639107	-0.173552
-0.955273	0.10927	-0.183023
-0.940435	0.183901	-0.199795
-0.940876	0.180458	-0.200448
-0.931656	0.21144	-0.214214
-0.923501	0.233046	-0.227159
-0.919894	0.235863	-0.237556
-0.912125	0.258631	-0.245775
-0.904934	0.273588	-0.255232
-0.899508	0.283794	-0.263644
-0.894922	0.29825	-0.263409
-0.890565	0.323987	-0.248921
-0.886648	0.33312	-0.250675
-0.885945	0.346216	-0.235577
-0.881743	0.359185	-0.232076
-0.867351	0.395444	-0.227778
-0.864405	0.39825	-0.233685
-0.863258	0.40266	-0.230375
-0.524471	-0.824354	0.0706081
-0.533687	-0.819691	0.0516532
-0.552094	-0.807289	0.0485812
-0.585656	-0.783921	0.0408376
-0.597159	-0.773903	0.0534127
-0.631212	-0.746933	0.0414213
-0.624496	-0.752191	0.04774
-0.669677	-0.713175	0.0362602
-0.684074	-0.699308	0.0301751
-0.744644	-0.635221	0.00469827
-0.768373	-0.606356	-0.00728062
-0.824034	-0.527646	-0.0276575
-0.814854	-0.541928	-0.023037
-0.856994	-0.47121	-0.0441915
-0.834452	-0.510218	-0.0391468
-0.873236	-0.438515	-0.060717
-0.914509	-0.338651	-0.0835396
-0.963081	-0.107883	-0.137622
-0.963927	-0.0815299	-0.148122
-0.964929	0.0101912	-0.163853
-0.961285	0.0567296	-0.173856
-0.959841	0.0697154	-0.178105
-0.945694	0.157728	-0.195624
-0.935146	0.201024	-0.206269
-0.933843	0.200155	-0.212902
-0.924537	0.228423	-0.225744
-0.922779	0.228491	-0.230951
-0.916598	0.241701	-0.244597
-0.912325	0.249774	-0.251844
-0.895351	0.291296	-0.268404
-0.891588	0.29978	-0.272527
-0.889237	0.31604	-0.262795
-0.8709	0.375344	-0.246363
-0.880908	0.359731	-0.233998
-0.866259	0.392159	-0.236579
-0.866896	0.393506	-0.232406
-0.859102	0.408345	-0.236096
-0.861646	0.403717	-0.234802
-0.509952	-0.833081	0.0741294
-0.535628	-0.817118	0.0691166
-0.539227	-0.814371	0.0716512
-0.558172	-0.802024	0.064539
-0.575262	-0.789852	0.0631037
-0.594717	-0.775642	0.056425
-0.607109	-0.765984	0.0561058
-0.650299	-0.730611	0.0432658
-0.679851	-0.703466	0.033442
-0.711498	-0.672182	0.0104454
-0.737761	-0.643132	0.00107422
-0.759681	-0.61724	-0.00605669
-0.771205	-0.602981	-0.0118197
-0.781604	-0.58925	-0.0159308
-0.819489	-0.533946	-0.0290338
-0.858937	-0.466352	-0.0500389
-0.937888	-0.258978	-0.10658
-0.961539	-0.121172	-0.136576
-0.938271	-0.254578	-0.109471
-0.960519	0.0620199	-0.175642
-0.962208	0.0286835	-0.173599
-0.960896	0.0519902	-0.175928
-0.954681	0.0893026	-0.191479
-0.94125	0.172479	-0.203119
-0.950089	0.116733	-0.198718
-0.936668	0.174907	-0.220118
-0.931829	0.186107	-0.229967
-0.918721	0.232595	-0.243881
-0.897585	0.282422	-0.26926
-0.889269	0.303884	-0.275331
-0.885646	0.317906	-0.272135
-0.882083	0.337568	-0.260039
-0.872629	0.363491	-0.25759
-0.857996	0.403302	-0.248101
-0.851031	0.420998	-0.243092
-0.859525	0.406061	-0.23849
-0.847146	0.430266	-0.240267
-0.854606	0.417522	-0.236475
-0.508944	-0.833694	0.0725867
-0.530557	-0.820097	0.0724438
-0.543266	-0.811662	0.0698063
-0.576949	-0.789083	0.0584156
-0.59464	-0.776502	0.0456946
-0.596274	-0.774261	0.0577946
-0.615097	-0.760054	0.0418052
-0.634219	-0.744671	0.0384663
-0.647113	-0.733436	0.033662
-0.66079	-0.721259	0.0282718
-0.677525	-0.705917	0.0260371
-0.722897	-0.659525	0.00839035
-0.783255	-0.586453	-0.0136492
-0.799981	-0.56344	-0.0196614
-0.830342	-0.51566	-0.0392373
-0.868755	-0.446532	-0.0586836
-0.900412	-0.374086	-0.0794873
-0.925047	-0.302233	-0.100332
-0.949614	-0.196301	-0.125678
-0.957651	-0.142607	-0.137736
-0.958275	-0.127682	-0.145493
-0.954343	0.108195	-0.186262
-0.95853	0.0283444	-0.188899
-0.957878	0.0469603	-0.190929
-0.946301	0.120519	-0.213682
-0.947354	0.116705	-0.211573
-0.947942	0.0757633	-0.225955
-0.910027	0.246788	-0.262127
-0.881674	0.317625	-0.283872
-0.879814	0.320681	-0.287022
-0.874188	0.332152	-0.29138
-0.864279	0.36923	-0.276524
-0.842441	0.40773	-0.290056
-0.857011	0.392316	-0.268043
-0.843432	0.42727	-0.257472
-0.84143	0.437617	-0.247196
-0.830666	0.458011	-0.246737
-0.833576	0.455778	-0.241177
-0.470502	-0.856926	0.0629971
-0.497208	-0.84026	0.0778397
-0.525704	-0.824007	0.0586904
-0.557922	-0.802351	0.0598356
-0.57724	-0.789322	0.0453971
-0.591756	-0.778011	0.0466358
-0.61196	-0.762265	0.0436503
-0.620023	-0.756197	0.0422295
-0.647918	-0.732804	0.034036
-0.666614	-0.71619	0.0279611
-0.723101	-0.658655	0.00692292
-0.744861	-0.634616	-0.00117752
-0.772313	-0.600541	-0.0134432
-0.810326	-0.546836	-0.0328338
-0.841127	-0.496546	-0.0446883
-0.867472	-0.447246	-0.0573206
-0.896309	-0.381733	-0.0798184
-0.91809	-0.32223	-0.0938801
-0.93951	-0.237534	-0.124951
-0.952493	-0.171468	-0.135757
-0.958053	-0.102864	-0.15869
-0.958821	-0.110008	-0.155695
-0.960279	0.000210662	-0.183016
-0.952995	0.0634134	-0.205835
-0.947568	0.0834298	-0.222353
-0.946929	0.0779958	-0.231001
-0.929332	0.179601	-0.246707
-0.899493	0.273993	-0.2717
-0.881706	0.314525	-0.287034
-0.872459	0.3318	-0.29689
-0.844998	0.381	-0.316887
-0.850861	0.375538	-0.307381
-0.838999	0.405616	-0.302532
-0.834834	0.438551	-0.266809
-0.816649	0.466166	-0.276155
-0.831461	0.450898	-0.256907
-0.802593	0.498579	-0.260736
-0.808869	0.492551	-0.252614
-0.456036	-0.864554	0.0652213
-0.466496	-0.859079	0.0639447
-0.466276	-0.858867	0.0662691
-0.554122	-0.805619	0.0496211
-0.56252	-0.800032	0.0443472
-0.596668	-0.77474	0.0431466
-0.61521	-0.759947	0.0363382
-0.640055	-0.73909	0.0311775
-0.664572	-0.717346	0.0216591
-0.688724	-0.69459	0.0167341
-0.751006	-0.626288	-0.00766625
-0.763596	-0.610286	-0.0106931
-0.814139	-0.539281	-0.0404751
-0.820704	-0.52954	-0.0387876
-0.862107	-0.456455	-0.0627064
-0.879794	-0.41889	-0.072452
-0.889143	-0.396301	-0.0847309
-0.935558	-0.256325	-0.119278
-0.929702	-0.27329	-0.125786
-0.94289	-0.219648	-0.133058
-0.951561	-0.157025	-0.155605
-0.954789	-0.129483	-0.16452
-0.957897	-0.066497	-0.182745
-0.955102	0.0152807	-0.204197
-0.945188	0.0942426	-0.23029
-0.933077	0.148926	-0.251815
-0.910069	0.238264	-0.26893
-0.901574	0.263025	-0.275601
-0.872554	0.334937	-0.290652
-0.835982	0.400255	-0.315886
-0.806273	0.437273	-0.343856
-0.820482	0.421299	-0.329899
-0.79951	0.457556	-0.333573
-0.823469	0.442052	-0.294618
-0.806148	0.469416	-0.300615
-0.818869	0.470729	-0.261818
-0.804983	0.484131	-0.279817
-0.812225	0.47695	-0.27131
-0.442471	-0.87185	0.0613795
-0.453696	-0.865745	0.0658469
-0.465086	-0.859668	0.0625381
-0.502973	-0.838397	0.0556493
-0.553638	-0.806421	0.0430893
-0.582437	-0.785596	0.0374624
-0.598467	-0.773213	0.0333218
-0.626263	-0.751103	0.0317968
-0.645859	-0.734154	0.0227811
-0.682079	-0.700419	0.0157352
-0.764979	-0.608055	-0.0257457
-0.787704	-0.578746	-0.029267
-0.845158	-0.486404	-0.0658897
-0.832412	-0.508092	-0.0531086
-0.9085	-0.340193	-0.112483
-0.876629	-0.42491	-0.0751801
-0.917522	-0.311446	-0.120268
-0.918817	-0.310972	-0.118237
-0.944034	-0.20053	-0.150707
-0.956511	-0.116951	-0.160181
-0.948982	-0.161817	-0.167011
-0.956806	-0.0756882	-0.185861
-0.951226	0.0683261	-0.215338
-0.943931	0.11337	-0.227096
-0.915222	0.238701	-0.249424
-0.91207	0.24691	-0.249436
-0.883582	0.313555	-0.278139
-0.86396	0.358635	-0.286525
-0.847094	0.38501	-0.303326
-0.847576	0.385704	-0.301128
-0.812338	0.433962	-0.33239
-0.766135	0.489894	-0.364023
-0.773455	0.503306	-0.329128
-0.80328	0.462579	-0.317736
-0.786161	0.505515	-0.294969
-0.81072	0.468849	-0.288848
-0.784624	0.516475	-0.280033
-0.79006	0.50879	-0.278825
-0.423405	-0.880822	0.071059
-0.454653	-0.865692	0.058802
-0.447556	-0.869331	0.0566927
-0.489639	-0.846123	0.0581966
-0.538527	-0.816226	0.042797
-0.566049	-0.797313	0.0343854
-0.59288	-0.776864	0.021412
-0.615984	-0.758606	0.0219545
-0.649511	-0.730162	0.0166417
-0.6839	-0.698066	0.00578481
-0.810966	-0.54223	-0.0556961
-0.812531	-0.540755	-0.0495745
-0.872587	-0.427788	-0.0960956
-0.859313	-0.456924	-0.0850603
-0.876669	-0.418981	-0.0941999
-0.874296	-0.427266	-0.0915519
-0.896939	-0.371939	-0.111876
-0.923024	-0.29348	-0.13053
-0.936241	-0.237273	-0.150402
-0.948138	-0.172057	-0.165877
-0.956407	0.00843437	-0.20273
-0.956768	-0.02835	-0.198536
-0.947967	0.0980129	-0.217443
-0.919678	0.21752	-0.248021
-0.890091	0.315204	-0.252754
-0.890118	0.292831	-0.279841
-0.84154	0.401596	-0.290591
-0.854794	0.385313	-0.276691
-0.800741	0.467225	-0.311458
-0.81007	0.449634	-0.314962
-0.774229	0.495506	-0.336458
-0.769832	0.494187	-0.349458
-0.766645	0.516378	-0.32487
-0.791874	0.486849	-0.310407
-0.761459	0.54389	-0.291538
-0.793877	0.501061	-0.281713
-0.738319	0.573571	-0.294218
-0.780277	0.521902	-0.282077
-0.412934	-0.885794	0.0673957
-0.425594	-0.880262	0.0622416
-0.421619	-0.881962	0.0635306
-0.465298	-0.859838	0.0536742
-0.507409	-0.835627	0.0376632
-0.529711	-0.821704	0.0375055
-0.581684	-0.7852	0.0177352
-0.625864	-0.74989	0.0135994
-0.64973	-0.730628	-0.00274425
-0.695278	-0.685828	-0.0166225
-0.699364	-0.681934	-0.0161201
-0.753305	-0.621158	-0.0404178
-0.80814	-0.546614	-0.0685901
-0.838895	-0.494862	-0.0750277
-0.845563	-0.483995	-0.0780471
-0.906656	-0.347806	-0.112291
-0.917082	-0.311431	-0.13044
-0.911207	-0.332698	-0.12135
-0.943705	-0.200847	-0.158513
-0.956607	-0.0707655	-0.188076
-0.959015	-0.0103038	-0.193193
-0.948623	0.102737	-0.215132
-0.932612	0.18764	-0.225108
-0.91624	0.240534	-0.237475
-0.894048	0.289478	-0.267469
-0.85376	0.383531	-0.280603
-0.825347	0.426253	-0.298483
-0.803396	0.464814	-0.307616
-0.796231	0.474576	-0.311661
-0.782243	0.492898	-0.319804
-0.779031	0.498242	-0.322268
-0.760123	0.514608	-0.341259
-0.729952	0.564966	-0.327836
-0.762064	0.536119	-0.303988
-0.676884	0.634363	-0.316107
-0.779502	0.520946	-0.28574
-0.624713	0.683152	-0.321958
-0.741893	0.56877	-0.29471
-0.346107	-0.91381	0.0678758
-0.378829	-0.901033	0.0641303
-0.375637	-0.902161	0.0614125
-0.441491	-0.872087	0.052269
-0.49478	-0.843193	0.0323887
-0.520144	-0.827823	0.026127
-0.542443	-0.812928	0.0346293
-0.611179	-0.762879	-0.00012185
-0.690283	-0.691749	-0.00927754
-0.684462	-0.69808	-0.0180411
-0.77079	-0.598594	-0.0400084
-0.746578	-0.630129	-0.0301292
-0.793254	-0.569023	-0.0505742
-0.785382	-0.579723	-0.0426274
-0.893304	-0.379533	-0.106851
-0.915112	-0.323865	-0.120219
-0.912022	-0.332492	-0.0999049
-0.933323	-0.252095	-0.141978
-0.946708	-0.192088	-0.140867
-0.959281	-0.0199468	-0.191397
-0.960954	-0.0250767	-0.175651
-0.956017	0.0520514	-0.195235
-0.936399	0.168882	-0.222759
-0.903822	0.268845	-0.256737
-0.87789	0.326458	-0.275677
-0.877859	0.33054	-0.271808
-0.855336	0.379414	-0.279023
-0.805229	0.459609	-0.307506
-0.697377	0.608675	-0.317423
-0.734781	0.554259	-0.332987
-0.621333	0.667945	-0.355697
-0.764632	0.51721	-0.325863
-0.639577	0.656185	-0.346155
-0.666301	0.643313	-0.319808
-0.535418	0.75192	-0.328664
-0.706024	0.604747	-0.310691
-0.585855	0.713931	-0.328027
-0.6933	0.621721	-0.30592
-0.295491	-0.930738	0.0757596
-0.33436	-0.917557	0.0727035
-0.333153	-0.916424	0.0867424
-0.480526	-0.850942	0.0352807
-0.4426	-0.87004	0.0607207
-0.493311	-0.842962	0.0453588
-0.569266	-0.794453	0.0266946
-0.581304	-0.785894	0.0276662
-0.643769	-0.734613	0.0150935
-0.704642	-0.677139	-0.0162364
-0.61552	-0.756193	0.0462143
-0.726465	-0.652825	0.00217017
-0.634888	-0.739283	0.0389312
-0.834343	-0.502223	-0.0710187
-0.758884	-0.615041	-0.0128162
-0.88273	-0.410374	-0.0765039
-0.893308	-0.379957	-0.0990085
-0.942316	-0.226848	-0.12162
-0.95159	-0.12517	-0.180363
-0.956403	-0.0999041	-0.168934
-0.955232	0.0379235	-0.1961
-0.938849	0.158793	-0.22029
-0.931091	0.161813	-0.242043
-0.910515	0.242889	-0.251752
-0.89556	0.302635	-0.247807
-0.871153	0.346985	-0.274567
-0.737758	0.56958	-0.294287
-0.712524	0.595543	-0.305685
-0.594563	0.696205	-0.345118
-0.698552	0.596614	-0.337383
-0.582185	0.703783	-0.353073
-0.604527	0.683389	-0.355652
-0.522255	0.751412	-0.349761
-0.553298	0.731902	-0.343716
-0.544836	0.747561	-0.323614
-0.499514	0.767701	-0.348728
-0.530644	0.750773	-0.339408
-0.553391	0.738781	-0.32936
-0.288991	-0.929649	0.107427
-0.306708	-0.926323	0.085431
-0.313116	-0.92161	0.105342
-0.353498	-0.907816	0.0938089
-0.388709	-0.892652	0.0923971
-0.491984	-0.842783	0.058334
-0.406003	-0.882976	0.100451
-0.542359	-0.81051	0.062698
-0.488765	-0.841067	0.0813763
-0.574034	-0.787832	0.053401
-0.581397	-0.780724	0.0556727
-0.629027	-0.74442	0.0331847
-0.682543	-0.695627	0.0232231
-0.731655	-0.646131	-0.00371207
-0.702861	-0.676152	0.0183204
-0.795959	-0.563124	-0.0269343
-0.863533	-0.448329	-0.0693168
-0.937205	-0.233329	-0.13776
-0.871866	-0.427403	-0.0938704
-0.955745	-0.107376	-0.164474
-0.944757	-0.208238	-0.138635
-0.938329	0.13187	-0.236299
-0.889916	0.330195	-0.234789
-0.936758	0.15429	-0.225672
-0.772328	0.535397	-0.270365
-0.72349	0.589787	-0.290468
-0.620171	0.69416	-0.300506
-0.579128	0.714638	-0.33244
-0.550138	0.724482	-0.359311
-0.601805	0.692459	-0.340391
-0.532809	0.735546	-0.365909
-0.560487	0.717426	-0.361034
-0.512173	0.752152	-0.362263
-0.485137	0.778062	-0.345425
-0.424089	0.799651	-0.375515
-0.491093	0.773283	-0.347912
-0.31886	0.81977	-0.432338
-0.45619	0.789684	-0.358973
-0.216927	-0.947549	0.120761
-0.284689	-0.930752	0.10756
-0.239728	-0.941252	0.121225
-0.300801	-0.92435	0.110913
-0.265821	-0.931679	0.130446
-0.361694	-0.901486	0.106934
-0.440753	-0.864632	0.0980497
-0.477386	-0.847209	0.0823294
-0.455873	-0.859014	0.0920685
-0.538503	-0.810531	0.0649714
-0.616528	-0.753472	0.0409709
-0.639831	-0.735107	0.0324492
-0.631079	-0.741533	0.0497299
-0.654895	-0.72171	0.041866
-0.701213	-0.677714	0.0124946
-0.818567	-0.52918	-0.0529585
-0.893482	-0.387093	-0.0672512
-0.891448	-0.382801	-0.0988873
-0.93857	-0.25398	-0.100149
-0.960163	-0.0883881	-0.157275
-0.967712	0.000167392	-0.139853
-0.949618	0.138006	-0.189674
-0.859801	0.410229	-0.22309
-0.861095	0.402615	-0.230878
-0.762031	0.556765	-0.256149
-0.687751	0.630919	-0.290438
-0.618738	0.687136	-0.313925
-0.606732	0.698626	-0.314857
-0.572208	0.693193	-0.380709
-0.555813	0.700331	-0.396331
-0.533759	0.707143	-0.416553
-0.532867	0.706969	-0.418315
-0.501284	0.76418	-0.352986
-0.457814	0.787157	-0.361553
-0.363261	0.814223	-0.406986
-0.267101	0.812104	-0.479107
-0.350686	0.837192	-0.36985
-0.340663	0.828697	-0.397372
-0.152997	-0.958239	0.132671
-0.206918	-0.948638	0.125858
-0.168341	-0.953834	0.140808
-0.209818	-0.945508	0.138355
-0.243699	-0.936133	0.147271
-0.28482	-0.92552	0.135276
-0.301009	-0.918647	0.140909
-0.370084	-0.894974	0.123408
-0.375228	-0.890671	0.138091
-0.44382	-0.863244	0.102863
-0.413728	-0.872389	0.137077
-0.549456	-0.800529	0.0816126
-0.3812	-0.881824	0.181144
-0.491824	-0.832239	0.128882
-0.551758	-0.789551	0.159074
-0.630547	-0.740075	0.0869308
-0.738376	-0.634259	0.0839143
-0.832214	-0.512085	0.00947267
-0.948708	-0.227613	-0.0557738
-0.955321	0.0925737	-0.186468
-0.940266	0.186582	-0.193222
-0.946596	0.169794	-0.177316
-0.848524	0.455212	-0.168009
-0.888411	0.367598	-0.176885
-0.833129	0.430582	-0.273502
-0.731356	0.582043	-0.285127
-0.730915	0.537842	-0.354139
-0.639666	0.635928	-0.371135
-0.542589	0.716658	-0.381265
-0.533176	0.71759	-0.396326
-0.512086	0.723854	-0.414719
-0.536716	0.698638	-0.427513
-0.495424	0.78595	-0.310407
-0.442066	0.809182	-0.331485
-0.369017	0.859842	-0.291014
-0.352266	0.844882	-0.350232
-0.280291	0.851599	-0.395953
-0.254212	0.836658	-0.442538
-0.0725918	-0.965782	0.147107
-0.129182	-0.960563	0.139767
-0.0845676	-0.961693	0.162226
-0.154265	-0.952905	0.159622
-0.101998	-0.953957	0.188871
-0.177968	-0.944194	0.182314
-0.156779	-0.943361	0.199057
-0.238004	-0.928551	0.186712
-0.199267	-0.932359	0.212316
-0.279691	-0.918694	0.177848
-0.152875	-0.934145	0.238477
-0.228563	-0.923207	0.221687
-0.213879	-0.91797	0.254604
-0.474465	-0.837922	0.166751
-0.325298	-0.886804	0.243171
-0.534324	-0.799687	0.172798
-0.771828	-0.587889	0.0954746
-0.917304	-0.335164	-0.00696147
-0.882502	-0.398089	0.109218
-0.917726	0.289944	-0.163753
-0.962461	0.0322798	-0.148898
-0.930639	0.254432	-0.151837
-0.931412	0.230219	-0.172354
-0.902356	0.246308	-0.275777
-0.876812	0.386612	-0.17344
-0.761211	0.55365	-0.247324
-0.653723	0.644242	-0.327355
-0.581669	0.690911	-0.36462
-0.5056	0.754169	-0.359941
-0.502856	0.750718	-0.374402
-0.478329	0.795399	-0.310893
-0.506971	0.77918	-0.306923
-0.451091	0.84974	-0.183402
-0.425106	0.844376	-0.257715
-0.347162	0.911359	-0.0954895
-0.320741	0.900121	-0.217801
-0.270658	0.918074	-0.210689
-0.237036	0.899945	-0.307216
-0.0293524	-0.967305	0.152444
-0.0709909	-0.965094	0.151481
-0.0323382	-0.965977	0.158957
-0.0600731	-0.96141	0.173027
-0.0368942	-0.958169	0.193045
-0.0458184	-0.953915	0.209143
-0.0742975	-0.94976	0.213619
-0.10685	-0.941424	0.238209
-0.0758801	-0.939173	0.24928
-0.133278	-0.940257	0.22984
-0.136125	-0.935614	0.237654
-0.139647	-0.929647	0.261779
-0.21714	-0.924004	0.2177
-0.182223	-0.91778	0.274176
-0.317288	-0.882218	0.247479
-0.346828	-0.88117	0.225035
-0.617504	-0.736413	0.130951
-0.81165	-0.532145	0.0444673
-0.8447	-0.420565	0.229765
-0.881841	-0.409941	0.0498819
-0.949167	0.116013	0.189138
-0.901895	0.35697	0.0957639
-0.846618	0.481727	0.0285465
-0.796113	0.540377	-0.155318
-0.687424	0.681389	-0.115583
-0.65829	0.700171	-0.163947
-0.509212	0.802088	-0.207151
-0.52346	0.750848	-0.339374
-0.475654	0.818938	-0.238925
-0.466331	0.821712	-0.253093
-0.464226	0.829261	-0.23495
-0.47006	0.838011	-0.188369
-0.42443	0.879315	-0.080059
-0.379378	0.899804	-0.0804561
-0.341871	0.915378	-0.0738828
-0.333099	0.916374	-0.0987317
-0.272929	0.929521	-0.148461
-0.245078	0.925484	-0.209904
0.0743111	-0.964757	0.152303
0.0164201	-0.967535	0.15157
0.0591626	-0.962752	0.166816
-0.0115469	-0.959801	0.189751
0.0273101	-0.948447	0.23576
-0.0271888	-0.952177	0.217703
-0.00223163	-0.948038	0.226909
-0.0484827	-0.947848	0.225455
-0.00842018	-0.932226	0.264408
-0.0686407	-0.941257	0.237801
0.0207543	-0.915319	0.32781
-0.0617132	-0.929437	0.278553
0.0429648	-0.889198	0.36004
-0.155483	-0.900483	0.325256
-0.0434772	-0.837113	0.467314
-0.0823941	-0.868721	0.409422
-0.176784	-0.79381	0.530223
-0.265536	-0.785713	0.499755
-0.43376	-0.582594	0.647061
-0.73994	-0.524898	0.355052
-0.585441	0.407827	0.658549
-0.843958	0.380108	0.302065
-0.650765	0.68902	0.224453
-0.658143	0.717382	0.0514086
-0.554674	0.799017	-0.0280274
-0.556858	0.794563	-0.0793099
-0.456331	0.858011	-0.0518615
-0.442799	0.862188	-0.109359
-0.439192	0.868541	-0.0896461
-0.453619	0.846791	-0.185483
-0.457762	0.838934	-0.212698
-0.456004	0.856744	-0.130278
-0.428341	0.877547	-0.0763691
-0.380545	0.902207	-0.0321527
-0.363873	0.90966	-0.0117487
-0.317676	0.926214	-0.040469
-0.325653	0.924045	-0.0197654
-0.306247	0.928933	-0.0617844
0.105239	-0.962619	0.146814
0.0840969	-0.963021	0.157494
0.110733	-0.955198	0.18322
0.0847906	-0.957917	0.17949
0.147273	-0.938043	0.225824
0.0647768	-0.944591	0.236246
0.109851	-0.927021	0.26607
0.0504635	-0.92616	0.290751
0.113621	-0.901665	0.324382
0.0972909	-0.904937	0.330997
0.101603	-0.891376	0.365202
0.060419	-0.899029	0.359173
0.133983	-0.798309	0.499654
0.0512314	-0.712978	0.407166
0.106819	-0.755323	0.556966
-0.0211607	-0.725406	0.617678
-0.0406733	-0.558257	0.7679
-0.318517	-0.396314	0.817321
-0.108194	-0.314216	0.906291
-0.254887	-0.0211861	0.933275
-0.416778	0.530846	0.697828
-0.492177	0.579714	0.60501
-0.373648	0.703176	0.560241
-0.478578	0.806767	0.263844
-0.389674	0.849419	0.273004
-0.411163	0.873409	0.128976
-0.392573	0.888054	0.081464
-0.421248	0.881499	-0.0164647
-0.414071	0.88455	-0.0160557
-0.437887	0.869675	-0.100359
-0.390967	0.895112	0.0676179
-0.436634	0.874238	-0.062227
-0.408805	0.889477	-0.0333158
-0.391535	0.897981	-0.00839739
-0.343004	0.915493	0.0650074
-0.31167	0.925838	0.076961
-0.306075	0.927727	0.0764781
-0.320223	0.924273	0.0570062
0.141072	-0.96018	0.131802
0.142711	-0.956467	0.154339
0.172086	-0.95105	0.153656
0.149041	-0.945812	0.1963
0.17165	-0.933021	0.21942
0.174652	-0.927324	0.243469
0.189927	-0.904408	0.30124
0.158013	-0.910449	0.308216
0.203112	-0.868863	0.369907
0.13376	-0.867936	0.406927
0.205387	-0.840772	0.436925
0.169896	-0.818543	0.480924
0.204933	-0.786301	0.511209
0.19359	-0.779638	0.487754
0.17172	-0.67093	0.667021
0.143208	-0.659768	0.68017
0.157607	-0.536842	0.793916
0.0261577	-0.336162	0.907183
0.0198353	-0.141395	0.957418
-0.147301	0.0609393	0.954045
-0.186447	0.471715	0.830985
-0.22065	0.53213	0.784423
-0.274271	0.725054	0.590625
-0.300632	0.766449	0.516549
-0.283311	0.820677	0.442217
-0.353848	0.861718	0.286034
-0.34485	0.897824	0.165687
-0.389729	0.894769	0.0469714
-0.300634	0.903986	0.218181
-0.395228	0.894848	0.0231871
-0.363896	0.898464	0.139542
-0.408357	0.889856	0.0239625
-0.328351	0.905802	0.176811
-0.313896	0.913824	0.161877
-0.272681	0.910739	0.237132
-0.295034	0.91672	0.180779
-0.250805	0.921921	0.217427
-0.250051	0.92018	0.225681
0.168692	-0.951963	0.157397
0.178606	-0.952389	0.138729
0.184333	-0.945551	0.17191
0.185838	-0.94342	0.177645
0.193754	-0.93074	0.219836
0.200572	-0.912597	0.273593
0.215535	-0.87758	0.354522
0.212868	-0.880928	0.350386
0.214973	-0.868973	0.378115
0.212812	-0.841555	0.408566
0.22004	-0.808454	0.480813
0.221549	-0.802367	0.492243
0.220175	-0.727681	0.592997
0.192682	-0.724887	0.600884
0.203407	-0.652805	0.670355
0.194308	-0.59486	0.737842
0.186539	-0.558851	0.770767
0.0844458	-0.329363	0.902384
0.00625555	-0.0863135	0.961522
-0.132791	0.312653	0.906642
-0.136521	0.457161	0.847492
-0.215794	0.678059	0.667083
-0.121628	0.624063	0.74169
-0.208701	0.638894	0.704671
-0.242643	0.76683	0.550616
-0.256462	0.860156	0.383226
-0.240167	0.881621	0.347049
-0.271764	0.89572	0.28243
-0.229459	0.878616	0.365452
-0.297013	0.900127	0.244655
-0.319237	0.897499	0.227878
-0.371306	0.897467	0.12714
-0.311836	0.906664	0.20108
-0.267287	0.906474	0.258414
-0.230291	0.903125	0.302341
-0.247495	0.909568	0.267616
-0.244076	0.912462	0.261014
-0.243504	0.912542	0.26133
0.179781	-0.940701	0.20449
0.177439	-0.945457	0.182885
0.187773	-0.930019	0.240593
0.193496	-0.930728	0.227709
0.210421	-0.903725	0.307283
0.208722	-0.905688	0.288271
0.224135	-0.879362	0.353676
0.230273	-0.832738	0.432931
0.236028	-0.829424	0.451611
0.23423	-0.805178	0.480694
0.238352	-0.775611	0.539135
0.230347	-0.741367	0.568417
0.232138	-0.671422	0.669296
0.220411	-0.685172	0.648541
0.222875	-0.640773	0.694532
0.203445	-0.613221	0.723762
0.179471	-0.42758	0.855207
0.14181	-0.380806	0.883758
0.147383	-0.098258	0.958631
-0.0424088	0.200892	0.951509
0.0312689	0.300662	0.928733
-0.0802796	0.424697	0.875075
0.0257165	0.48606	0.847939
-0.112044	0.661842	0.710113
-0.0620647	0.710767	0.66808
-0.171731	0.818994	0.504657
-0.150888	0.839394	0.477555
-0.203639	0.87175	0.394357
-0.210607	0.864102	0.408085
-0.294445	0.893976	0.270622
-0.268823	0.886919	0.316991
-0.336824	0.897441	0.201207
-0.283322	0.901423	0.258349
-0.195953	0.893141	0.352182
-0.165222	0.883747	0.389766
-0.182358	0.893858	0.357825
-0.157425	0.884321	0.391738
-0.151155	0.88465	0.393884
0.192826	-0.927974	0.246621
0.18903	-0.929783	0.241521
0.203353	-0.90864	0.303388
0.207845	-0.896055	0.334161
0.235434	-0.856563	0.409606
0.223956	-0.878067	0.362891
0.251972	-0.811055	0.482956
0.248019	-0.823711	0.458554
0.273738	-0.704898	0.619471
0.253774	-0.74273	0.579449
0.262529	-0.655692	0.67495
0.240134	-0.687177	0.647323
0.285717	-0.477298	0.803913
0.249504	-0.540638	0.773108
0.263532	-0.331021	0.879597
0.229942	-0.480244	0.816919
0.248914	-0.217385	0.919393
0.217097	-0.145186	0.939954
0.16993	0.194002	0.941356
0.132465	0.17987	0.951092
0.0778986	0.410842	0.883678
0.0520911	0.502864	0.837099
0.00509462	0.632667	0.745821
-0.00301958	0.632947	0.745122
-0.0213923	0.686416	0.695439
-0.0839125	0.782558	0.57948
-0.123908	0.812035	0.529332
-0.189625	0.852222	0.440939
-0.158689	0.832151	0.488477
-0.194691	0.858329	0.428465
-0.20734	0.870295	0.398364
-0.255384	0.889498	0.321108
-0.206833	0.887491	0.35968
-0.178901	0.883947	0.383131
-0.180368	0.886172	0.377473
-0.1635	0.884371	0.389233
-0.17181	0.887677	0.378257
-0.158401	0.892789	0.372102
0.208335	-0.910429	0.294761
0.20919	-0.906462	0.305743
0.216854	-0.893142	0.337806
0.218569	-0.877816	0.37463
0.251846	-0.817838	0.474612
0.248019	-0.824186	0.463998
0.275374	-0.752311	0.560676
0.303913	-0.67059	0.643849
0.311746	-0.636894	0.673806
0.297848	-0.60505	0.70837
0.305546	-0.555485	0.74455
0.272937	-0.598277	0.72345
0.308276	-0.432339	0.820769
0.284583	-0.410768	0.839885
0.281847	-0.274357	0.893685
0.259865	-0.19508	0.921621
0.225142	-0.0337636	0.949835
0.215251	-0.0423223	0.951725
0.140977	0.301341	0.917691
0.152702	0.285116	0.921437
0.062533	0.527963	0.818901
0.0565065	0.530532	0.818105
0.0287481	0.591577	0.777542
-0.00914452	0.670089	0.712319
-0.0384503	0.708454	0.672566
-0.0742348	0.759719	0.610991
-0.077929	0.781265	0.582398
-0.139867	0.816109	0.519467
-0.108657	0.802662	0.548801
-0.174855	0.847487	0.457054
-0.182952	0.87118	0.408157
-0.193582	0.880012	0.383995
-0.229517	0.897397	0.319294
-0.209617	0.896379	0.335914
-0.199406	0.910497	0.302709
-0.183936	0.908524	0.318039
-0.187437	0.920186	0.280244
-0.17442	0.914376	0.306858
0.222996	-0.88728	0.349759
0.224569	-0.884083	0.356509
0.257086	-0.817174	0.474486
0.226186	-0.86108	0.407254
0.278076	-0.746809	0.567943
0.262983	-0.788137	0.516788
0.29115	-0.715516	0.599778
0.304704	-0.667432	0.646825
0.32162	-0.568517	0.72841
0.313463	-0.583674	0.719647
0.310449	-0.491334	0.786231
0.305042	-0.463572	0.805167
0.286209	-0.275781	0.892479
0.289607	-0.263198	0.895035
0.284325	-0.207063	0.910785
0.267235	-0.17456	0.922721
0.234733	-0.0189303	0.947391
0.197479	0.113775	0.947953
0.150522	0.317257	0.909006
0.152793	0.355303	0.894781
0.0901146	0.461283	0.856671
0.0452853	0.577189	0.787899
0.0420549	0.583958	0.782519
0.0227267	0.605217	0.766359
-0.0122554	0.69435	0.68864
-0.0273518	0.714179	0.666294
-0.0518161	0.757475	0.61677
-0.090411	0.790373	0.568774
-0.160137	0.836354	0.481075
-0.164277	0.850484	0.455591
-0.192503	0.876954	0.391061
-0.258409	0.900378	0.286546
-0.251336	0.900907	0.291517
-0.230036	0.9011	0.308852
-0.191388	0.922945	0.268307
-0.179203	0.92738	0.261186
-0.16397	0.940339	0.222202
-0.182487	0.925864	0.265024
0.272928	-0.788285	0.513343
0.256062	-0.820716	0.469053
0.275647	-0.779823	0.524413
0.285169	-0.746995	0.564772
0.324667	-0.59977	0.701798
0.310967	-0.649244	0.662303
0.320789	-0.558002	0.736706
0.31857	-0.519039	0.7653
0.323343	-0.450197	0.806119
0.313013	-0.446302	0.811783
0.314112	-0.400183	0.834199
0.300635	-0.36251	0.855985
0.303345	-0.318779	0.872692
0.294922	-0.250982	0.897237
0.268598	-0.097523	0.935025
0.274249	-0.113622	0.929933
0.21841	0.113326	0.944966
0.162146	0.287599	0.91764
0.153351	0.353404	0.897277
0.113597	0.419503	0.873532
0.100431	0.470456	0.850363
0.0562942	0.57012	0.792506
0.00667164	0.655469	0.725843
0.00204498	0.67276	0.709866
-0.0739289	0.763215	0.607159
-0.0464944	0.734464	0.644118
-0.122247	0.808319	0.537527
-0.165925	0.842841	0.468659
-0.189839	0.863015	0.420181
-0.210374	0.876802	0.381293
-0.230179	0.887975	0.342926
-0.271832	0.903671	0.262715
-0.252983	0.902646	0.285012
-0.230123	0.90301	0.30303
-0.192463	0.930457	0.240195
-0.167143	0.938727	0.226539
-0.205263	0.952221	0.106998
-0.142962	0.960966	0.129738
0.268244	-0.805582	0.488897
0.288111	-0.768705	0.534298
0.312291	-0.72888	0.574962
0.321097	-0.658686	0.64947
0.346267	-0.593104	0.697515
0.343413	-0.542395	0.738752
0.350749	-0.511299	0.756701
0.342989	-0.481476	0.779682
0.343104	-0.428448	0.809937
0.328149	-0.37152	0.843603
0.335432	-0.379875	0.836459
0.32067	-0.281122	0.880236
0.312371	-0.207936	0.902437
0.287983	-0.144967	0.923163
0.252694	0.0303058	0.943864
0.230727	0.122716	0.941429
0.201169	0.193305	0.935495
0.171376	0.257706	0.925587
0.138324	0.35984	0.895858
0.110444	0.445205	0.861903
0.102512	0.45681	0.856297
0.0556589	0.579334	0.78444
-0.00324416	0.669665	0.710869
-0.0331337	0.724981	0.655853
-0.0672848	0.762272	0.60876
-0.110244	0.79863	0.553172
-0.146749	0.827163	0.501145
-0.167435	0.848273	0.457105
-0.178394	0.856369	0.437109
-0.209965	0.87741	0.379096
-0.284075	0.8972	0.270764
-0.302855	0.903835	0.225354
-0.275508	0.901883	0.265637
-0.2419	0.911015	0.267917
-0.223851	0.920657	0.249956
-0.235129	0.934685	0.177584
-0.20365	0.919721	0.270173
-0.184116	0.930102	0.247717
0.258476	-0.823506	0.463385
0.285491	-0.790509	0.503028
0.310927	-0.73478	0.567855
0.330474	-0.672812	0.630277
0.339461	-0.644305	0.654398
0.361415	-0.565087	0.713009
0.351241	-0.53775	0.738203
0.335421	-0.463418	0.793998
0.327369	-0.444285	0.807682
0.334531	-0.312181	0.864051
0.321826	-0.369644	0.845464
0.319243	-0.281276	0.880528
0.296195	-0.223068	0.903644
0.277234	-0.0587376	0.934676
0.259223	-0.0820086	0.938095
0.238249	0.0655188	0.945073
0.208951	0.0901526	0.947636
0.183291	0.246449	0.926725
0.143679	0.300997	0.914765
0.131875	0.361208	0.896432
0.0664649	0.463896	0.853908
0.0347862	0.578228	0.785179
-0.0163497	0.660285	0.718638
-0.0366875	0.718186	0.661617
-0.0529728	0.731764	0.644827
-0.0898099	0.783199	0.57609
-0.140794	0.82296	0.507482
-0.157766	0.841027	0.472596
-0.233705	0.875968	0.367628
-0.265692	0.891301	0.305717
-0.272948	0.896522	0.283734
-0.291646	0.902579	0.243826
-0.298451	0.901935	0.239187
-0.25736	0.90161	0.284264
-0.22542	0.907189	0.293832
-0.215048	0.9127	0.284443
-0.235038	0.910071	0.276713
-0.240944	0.923935	0.220397
0.260801	-0.820877	0.466534
0.253522	-0.836935	0.441478
0.269496	-0.805109	0.488507
0.326093	-0.685146	0.618802
0.334314	-0.627896	0.67272
0.340426	-0.588808	0.703824
0.320602	-0.589064	0.712499
0.330976	-0.524249	0.756552
0.311977	-0.448369	0.811558
0.31914	-0.406685	0.829661
0.2995	-0.369154	0.854532
0.30883	-0.323341	0.869453
0.265299	-0.165534	0.924798
0.263366	-0.158298	0.926066
0.254035	-0.116866	0.935
0.242746	-0.105415	0.937948
0.238413	-0.133738	0.934499
0.165111	0.14802	0.948335
0.164445	0.139852	0.950027
0.111424	0.321363	0.911916
0.0857104	0.406649	0.882729
0.0213238	0.561551	0.79771
0.0124394	0.583089	0.783369
-0.0401607	0.694163	0.687408
-0.0408476	0.698564	0.682912
-0.0714576	0.750177	0.62225
-0.0970967	0.791305	0.566341
-0.122872	0.811246	0.531992
-0.177588	0.864011	0.42456
-0.201594	0.879191	0.380297
-0.282804	0.89523	0.27802
-0.32412	0.901151	0.205366
-0.252887	0.896497	0.303444
-0.234081	0.898276	0.313364
-0.216056	0.898147	0.32706
-0.228154	0.906579	0.293538
-0.223811	0.904895	0.302183
-0.220647	0.905086	0.304198
0.278293	-0.797029	0.497057
0.286213	-0.777993	0.522154
0.291032	-0.762748	0.541151
0.302763	-0.717253	0.593858
0.314905	-0.665377	0.64557
0.321425	-0.622923	0.682991
0.341141	-0.516834	0.75765
0.322046	-0.513837	0.767408
0.33459	-0.438979	0.808046
0.305768	-0.3874	0.844263
0.345828	-0.391284	0.826895
0.327373	-0.348974	0.853187
0.33811	-0.17836	0.899834
0.284247	-0.0761338	0.931704
0.286762	-0.0585134	0.932766
0.251779	-0.0935853	0.937632
0.242967	0.0237314	0.945816
0.204246	0.047652	0.953016
0.202682	0.226398	0.927687
0.152526	0.286867	0.920725
0.135987	0.438782	0.862192
0.0686674	0.51937	0.82385
0.097181	0.50555	0.831103
0.0210756	0.624212	0.75205
0.00671763	0.686264	0.696442
-0.0343049	0.743087	0.635588
-0.0691466	0.764406	0.605865
-0.107138	0.805729	0.543825
-0.156694	0.846131	0.465868
-0.199811	0.879049	0.381731
-0.234488	0.888806	0.337407
-0.297807	0.898283	0.251935
-0.223881	0.8892	0.344503
-0.214923	0.892575	0.342031
-0.174352	0.89004	0.370829
-0.235408	0.908616	0.281383
-0.162449	0.89503	0.364449
-0.165846	0.897142	0.357833
0.299715	-0.759322	0.541853
0.300787	-0.753001	0.550025
0.309877	-0.722024	0.584931
0.304457	-0.70139	0.611598
0.353888	-0.544619	0.731804
0.330274	-0.61213	0.689093
0.352757	-0.488155	0.771104
0.349555	-0.481244	0.776784
0.347236	-0.398528	0.822758
0.348872	-0.404869	0.819154
0.347813	-0.29265	0.866028
0.341829	-0.270801	0.875242
0.330156	-0.131261	0.910276
0.322814	-0.166702	0.907739
0.317086	-0.0783606	0.919335
0.28585	-0.0275771	0.933734
0.262067	0.162851	0.926853
0.24968	0.125477	0.935155
0.208849	0.37804	0.874175
0.153454	0.38861	0.883177
0.143919	0.483077	0.834666
0.117722	0.509226	0.823705
0.117193	0.553507	0.794438
0.05721	0.613766	0.759194
0.0848671	0.602222	0.764344
-0.0409844	0.74257	0.632799
-0.00790253	0.723075	0.655178
-0.0528239	0.773	0.595686
-0.0508715	0.78168	0.584051
-0.147929	0.8309	0.494418
-0.132423	0.843492	0.478846
-0.179334	0.867641	0.417115
-0.0503561	0.878048	0.431424
-0.17705	0.888744	0.372298
-0.0902268	0.874747	0.432168
-0.165769	0.892306	0.369409
-0.0831642	0.876055	0.431282
-0.0781223	0.875917	0.432637
0.325115	-0.707604	0.594483
0.316775	-0.716414	0.588322
0.353563	-0.616857	0.673863
0.356135	-0.591593	0.694354
0.363927	-0.509182	0.752419
0.36211	-0.488641	0.766456
0.370548	-0.350612	0.834846
0.354063	-0.39997	0.818883
0.349588	-0.204874	0.889333
0.349859	-0.267651	0.872771
0.340946	-0.121757	0.907058
0.338996	-0.131491	0.906864
0.321732	-0.0147826	0.922186
0.317564	-0.0332468	0.92181
0.297459	0.0995156	0.92389
0.289852	0.120012	0.923089
0.268763	0.205173	0.912391
0.234702	0.30994	0.891253
0.22695	0.338869	0.876012
0.181992	0.443827	0.848615
0.173209	0.501692	0.81512
0.169448	0.501307	0.815847
0.145838	0.575139	0.773809
0.143703	0.54841	0.793611
0.130604	0.606418	0.753447
0.10588	0.628445	0.737276
0.0458444	0.732449	0.641549
0.00453734	0.781437	0.585192
-0.00550936	0.795408	0.567243
-0.0789238	0.810586	0.541827
-0.0224289	0.87199	0.443861
-0.026291	0.878457	0.432048
0.0430943	0.902242	0.379348
-0.0222871	0.884658	0.420486
0.0535425	0.896154	0.392858
-0.0130405	0.883688	0.423408
-0.0250898	0.892012	0.405307
-0.0247824	0.886542	0.417228
0.38202	-0.607354	0.667206
0.352674	-0.633942	0.658474
0.386503	-0.544398	0.71657
0.379452	-0.557255	0.710276
0.391684	-0.401211	0.802342
0.373711	-0.38258	0.819606
0.391642	-0.350906	0.824905
0.37846	-0.303604	0.848747
0.39187	-0.127943	0.886958
0.35387	-0.100297	0.906253
0.360611	-0.057038	0.906307
0.353729	-0.00120285	0.911246
0.33408	0.0848212	0.913655
0.313046	0.120797	0.916409
0.303713	0.183925	0.90909
0.306553	0.133569	0.916259
0.297914	0.24235	0.896828
0.241754	0.363893	0.865018
0.237726	0.442795	0.83468
0.185441	0.489328	0.821692
0.198452	0.538683	0.786056
0.162138	0.560941	0.778099
0.179473	0.555197	0.782994
0.154391	0.608904	0.747998
0.137245	0.639909	0.724729
0.0990964	0.709534	0.663901
0.0759563	0.765839	0.601081
0.0404437	0.802029	0.557611
0.0275047	0.825983	0.520056
0.00359804	0.85202	0.480779
-0.030523	0.891499	0.404238
0.0367493	0.910908	0.35801
0.0433545	0.905125	0.372532
0.0483458	0.898728	0.38749
0.050861	0.900164	0.384126
0.0551819	0.897639	0.389577
0.0398586	0.914878	0.349373
0.0501262	0.914176	0.35003
0.441692	-0.599319	0.636901
0.414577	-0.593607	0.659877
0.415612	-0.520001	0.718435
0.396498	-0.489391	0.749533
0.40972	-0.410378	0.788215
0.401584	-0.367014	0.813684
0.40819	-0.303541	0.835408
0.406274	-0.24785	0.854316
0.405312	-0.155167	0.875706
0.385349	-0.0719156	0.896334
0.37493	0.0160406	0.901959
0.351888	0.020054	0.910949
0.372378	0.0202983	0.901121
0.319805	0.154854	0.907929
0.321124	0.243608	0.886705
0.306094	0.247976	0.893357
0.289609	0.363818	0.857576
0.265312	0.386253	0.854266
0.254268	0.460234	0.820458
0.225237	0.495454	0.808616
0.224853	0.51741	0.794608
0.216021	0.52069	0.796714
0.193128	0.570752	0.767783
0.183838	0.541104	0.791085
0.154408	0.644709	0.716389
0.0994088	0.740782	0.627482
0.0856341	0.772591	0.589591
0.0605235	0.79993	0.557554
0.052042	0.815266	0.536545
-0.0228828	0.883277	0.421255
-0.041641	0.903888	0.374649
0.0468805	0.913362	0.350691
0.059218	0.904979	0.37081
0.0512962	0.901971	0.379704
0.059478	0.897164	0.390226
0.0590358	0.898954	0.385955
0.0819939	0.914268	0.343564
0.0407205	0.929177	0.309198
0.53711	-0.553234	0.60436
0.446712	-0.576434	0.654213
0.541297	-0.477594	0.661642
0.455593	-0.443611	0.744302
0.484324	-0.415407	0.741713
0.416397	-0.320207	0.82499
0.476095	-0.246967	0.817582
0.444347	-0.209652	0.845149
0.469209	-0.153905	0.843628
0.387161	-0.015565	0.896397
0.432294	0.0412107	0.872584
0.389538	0.0964612	0.887732
0.380539	0.215276	0.867012
0.353022	0.137973	0.897903
0.359491	0.247196	0.868533
0.331098	0.242138	0.885414
0.303535	0.397945	0.827633
0.281587	0.429816	0.826308
0.276607	0.438307	0.824221
0.242164	0.503896	0.797063
0.246912	0.529382	0.774931
0.211152	0.561818	0.767143
0.20412	0.587018	0.749776
0.188689	0.594545	0.74856
0.155568	0.682313	0.678952
0.12239	0.730756	0.631991
0.0798129	0.788981	0.564714
0.0574055	0.817619	0.530681
0.0306734	0.845416	0.487855
-0.00336506	0.878194	0.430979
-0.0480046	0.911384	0.354633
0.0713928	0.916548	0.338206
0.0398984	0.910264	0.359946
0.0441436	0.907374	0.36743
0.0518827	0.905609	0.371098
0.0694281	0.914033	0.34667
0.0168139	0.924695	0.324581
0.0405147	0.93238	0.299546
0.546287	-0.606669	0.541755
0.552238	-0.528864	0.612368
0.55838	-0.500683	0.62994
0.556856	-0.416692	0.689008
0.580556	-0.355156	0.703511
0.538125	-0.271401	0.770825
0.55618	-0.182629	0.783698
0.4854	-0.178151	0.83024
0.532799	-0.108825	0.812908
0.446874	-0.00318437	0.8686
0.475669	0.0149799	0.851653
0.421956	0.102873	0.873068
0.416464	0.231396	0.852315
0.38789	0.230689	0.859886
0.385371	0.317204	0.835604
0.338376	0.345294	0.822118
0.345736	0.366984	0.831644
0.306246	0.430498	0.796293
0.298958	0.461896	0.784198
0.269824	0.529915	0.769205
0.227828	0.64604	0.687804
0.23342	0.592496	0.730713
0.186084	0.665921	0.67858
0.199941	0.632146	0.710965
0.129617	0.741844	0.615038
0.134622	0.732825	0.627755
0.082581	0.804163	0.536307
0.0615916	0.83156	0.505322
0.0320395	0.861968	0.457282
-0.00969157	0.897296	0.390138
0.0250883	0.922242	0.327978
0.030012	0.918323	0.339356
0.0914479	0.920572	0.322181
0.0520224	0.903671	0.375301
0.0975551	0.915556	0.335373
0.0643988	0.909914	0.358469
0.102148	0.917439	0.329186
0.105974	0.920619	0.319162
0.579213	-0.606448	0.50658
0.580036	-0.554409	0.562085
0.589697	-0.490109	0.60957
0.566783	-0.428878	0.673632
0.601182	-0.388045	0.668251
0.602406	-0.244417	0.731552
0.605236	-0.142518	0.755653
0.573602	-0.147161	0.77865
0.578746	-0.0864636	0.783881
0.544316	-0.0380859	0.811573
0.561241	0.0826063	0.796593
0.51627	0.0984936	0.824179
0.518552	0.175165	0.808954
0.435681	0.222934	0.843855
0.512133	0.217081	0.801968
0.349467	0.429705	0.800926
0.454964	0.37337	0.777937
0.326846	0.484834	0.78143
0.300656	0.548004	0.747058
0.259029	0.612292	0.707757
0.277855	0.658562	0.659415
0.218561	0.669301	0.669512
0.270132	0.709049	0.612947
0.188799	0.694986	0.648575
0.181888	0.734324	0.616228
0.135505	0.764677	0.581342
0.10459	0.833665	0.493989
0.0874684	0.844922	0.478571
0.0892494	0.865018	0.445586
0.0445483	0.891514	0.401391
0.101426	0.921667	0.313861
0.0242094	0.923277	0.325894
0.117535	0.916013	0.326394
0.113226	0.914431	0.332839
0.147654	0.920926	0.30028
0.11219	0.912668	0.338565
0.125899	0.920934	0.310259
0.144464	0.927701	0.280813
0.592325	-0.559722	0.543787
0.598134	-0.568434	0.52799
0.614263	-0.49295	0.582501
0.624449	-0.437801	0.614236
0.606223	-0.33281	0.69268
0.620318	-0.159406	0.739908
0.633134	-0.123679	0.735582
0.604606	-0.10477	0.762174
0.637742	-0.026189	0.741294
0.577498	0.000463562	0.788858
0.612541	0.103568	0.754351
0.564759	0.113408	0.788622
0.578252	0.181121	0.765771
0.546368	0.203223	0.782616
0.534601	0.250199	0.776765
0.510461	0.274749	0.785517
0.634177	0.249086	0.701515
0.455205	0.461035	0.728265
0.42949	0.526046	0.699224
0.362146	0.563728	0.707329
0.369878	0.621187	0.650795
0.316728	0.699943	0.598763
0.339242	0.734701	0.545407
0.27268	0.731594	0.584317
0.267258	0.788795	0.508597
0.226593	0.820072	0.476569
0.193893	0.857861	0.424572
0.174401	0.873967	0.401256
0.183824	0.884047	0.376518
0.135677	0.888551	0.387033
0.140339	0.914313	0.321501
0.137958	0.932512	0.264773
0.139658	0.925431	0.288935
0.147807	0.925118	0.28633
0.163662	0.928388	0.267163
0.144752	0.923117	0.294999
0.155919	0.929962	0.266254
0.143633	0.941467	0.230824
0.577814	-0.568619	0.550321
0.587525	-0.543232	0.565619
0.594328	-0.499572	0.59722
0.622595	-0.41538	0.6315
0.661477	-0.342011	0.635823
0.661993	-0.203845	0.691547
0.675679	-0.199312	0.67866
0.658441	-0.109654	0.715401
0.669382	-0.0704083	0.709492
0.646602	0.00673797	0.732958
0.617045	0.0633365	0.754915
0.614679	0.0951162	0.753396
0.564585	0.128791	0.784235
0.561934	0.200033	0.77312
0.537646	0.191503	0.791985
0.523443	0.253086	0.781602
0.524764	0.293349	0.765935
0.515743	0.424933	0.707435
0.530727	0.426709	0.688532
0.410596	0.58718	0.660804
0.42073	0.633486	0.602889
0.414297	0.612964	0.630752
0.394262	0.691748	0.552659
0.331164	0.760872	0.513199
0.32293	0.813	0.430286
0.239168	0.838681	0.438241
0.273987	0.857985	0.378199
0.213023	0.874569	0.379627
0.255326	0.889529	0.31704
0.209398	0.896523	0.332451
0.211852	0.918516	0.264653
0.145395	0.932677	0.260477
0.168177	0.931873	0.250666
0.168269	0.929954	0.257845
0.109363	0.947793	0.22279
0.132733	0.933432	0.266733
0.101763	0.952597	0.206035
0.0982867	0.955242	0.195032
0.524526	-0.604912	0.564667
0.561174	-0.561313	0.57446
0.599919	-0.522728	0.571269
0.642753	-0.451761	0.584679
0.666463	-0.389357	0.601806
0.672455	-0.304018	0.642999
0.675451	-0.210947	0.674692
0.669835	-0.147736	0.697306
0.659716	-0.108973	0.713302
0.661786	-0.00779178	0.718323
0.611623	0.0701994	0.758532
0.613012	0.0688358	0.75811
0.586676	0.09475	0.77512
0.529633	0.14894	0.80475
0.51758	0.189712	0.805419
0.498327	0.172045	0.819092
0.460395	0.225956	0.825503
0.459959	0.372832	0.772094
0.407185	0.544347	0.695581
0.445304	0.577659	0.642321
0.355868	0.6738	0.605748
0.391091	0.689703	0.561206
0.388116	0.725143	0.518702
0.411983	0.698984	0.532125
0.414788	0.723559	0.501719
0.290554	0.851982	0.375584
0.28365	0.891093	0.275893
0.260483	0.886282	0.321662
0.247005	0.913096	0.247768
0.237169	0.905004	0.287839
0.214682	0.93004	0.218277
0.169833	0.935459	0.23518
0.161408	0.941285	0.218057
0.150816	0.937736	0.240151
0.0904401	0.957983	0.185001
0.0920488	0.9554	0.19745
0.0908207	0.957127	0.189817
0.0917475	0.955212	0.198588
0.502332	-0.655431	0.527364
0.530104	-0.604406	0.560003
0.553418	-0.545821	0.595976
0.612777	-0.464567	0.606145
0.649514	-0.371942	0.630721
0.673181	-0.301061	0.643186
0.645099	-0.237791	0.696052
0.665304	-0.2018	0.687865
0.650725	-0.0690839	0.724653
0.643009	0.0452882	0.733147
0.618366	0.0895637	0.750187
0.598845	0.0867485	0.765125
0.580303	0.177641	0.763311
0.552527	0.211141	0.77523
0.525247	0.252188	0.779139
0.474246	0.303381	0.795565
0.469095	0.352554	0.777382
0.423077	0.445292	0.754452
0.429591	0.432705	0.754159
0.443167	0.569693	0.650585
0.388738	0.641866	0.616671
0.33703	0.706758	0.578323
0.33601	0.729825	0.55324
0.307563	0.760754	0.524735
0.307872	0.809322	0.449174
0.267751	0.845088	0.407242
0.19645	0.898419	0.327026
0.232937	0.900344	0.300304
0.235538	0.914613	0.252369
0.21837	0.93577	0.184707
0.192748	0.952112	0.121007
0.151372	0.958242	0.134612
0.0847306	0.964415	0.150348
0.0873892	0.961722	0.165632
0.0898989	0.958706	0.182176
0.089442	0.959142	0.179857
0.0905712	0.955456	0.19855
0.0911329	0.955789	0.1966
0.581865	-0.654122	0.439921
0.537906	-0.629443	0.5241
0.623938	-0.582396	0.480711
0.585243	-0.460768	0.635852
0.64608	-0.381457	0.628559
0.649609	-0.311499	0.662084
0.688396	-0.30055	0.626604
0.662826	-0.139964	0.704977
0.687128	-0.160195	0.675344
0.634729	0.0438722	0.736394
0.648338	0.0762317	0.721201
0.606976	0.158469	0.744813
0.609926	0.205011	0.726889
0.560922	0.234949	0.758022
0.546678	0.248952	0.749891
0.505054	0.348525	0.755985
0.470783	0.46437	0.712417
0.49079	0.366764	0.753727
0.424362	0.559817	0.672447
0.450833	0.507114	0.697272
0.368394	0.618137	0.641532
0.385346	0.691902	0.569805
0.330644	0.711967	0.5707
0.34714	0.771139	0.484285
0.280501	0.811466	0.461798
0.257913	0.882485	0.3264
0.173384	0.915102	0.297296
0.17735	0.914521	0.296342
0.15441	0.93505	0.241725
0.210746	0.940794	0.165671
0.0650472	0.973194	0.0845146
0.0802559	0.968171	0.124823
0.0850516	0.964237	0.151874
0.0881218	0.96077	0.17132
0.0895603	0.95897	0.180751
0.0900336	0.957663	0.188043
0.0905984	0.956821	0.19237
0.0905084	0.956633	0.193322
0.608831	-0.682507	0.351724
0.621928	-0.636936	0.409331
0.58417	-0.663391	0.422122
0.627239	-0.581795	0.476701
0.69113	-0.444364	0.532195
0.684949	-0.363852	0.596895
0.721575	-0.356791	0.556106
0.695501	-0.209107	0.65525
0.72719	-0.230112	0.611889
0.70242	-0.0838686	0.671329
0.691591	-0.0192124	0.688875
0.645823	0.106226	0.718998
0.613454	0.291688	0.698417
0.583504	0.288359	0.721545
0.533956	0.437694	0.677545
0.536405	0.377303	0.707513
0.497432	0.513818	0.650353
0.479878	0.4799	0.697259
0.376377	0.603513	0.602328
0.378774	0.632057	0.623393
0.327402	0.687242	0.555551
0.34746	0.684344	0.600327
0.300705	0.744477	0.538567
0.285283	0.765436	0.516525
0.223002	0.859304	0.393834
0.220367	0.867026	0.388581
0.159635	0.925667	0.265717
0.154705	0.931907	0.254889
0.122051	0.953612	0.181368
0.10768	0.959486	0.160367
0.0625467	0.974557	0.0703075
0.0701448	0.969406	0.123822
0.0759293	0.964727	0.153541
0.0880116	0.960276	0.173941
0.0931554	0.955482	0.197008
0.0905481	0.95651	0.193311
0.101543	0.957942	0.180838
0.0910594	0.955546	0.198621
0.601194	-0.694249	0.341767
0.616308	-0.660467	0.379385
0.642323	-0.633698	0.381271
0.641627	-0.550569	0.494371
0.711711	-0.480844	0.469612
0.725933	-0.414601	0.508457
0.75455	-0.324127	0.530272
0.751043	-0.328289	0.533588
0.772645	-0.239857	0.548984
0.768147	-0.15678	0.583072
0.799371	-0.0944602	0.55429
0.730419	-0.045036	0.644723
0.749644	-0.00885092	0.624323
0.712992	0.188517	0.635875
0.711599	0.365782	0.553335
0.575763	0.445784	0.64607
0.627705	0.468167	0.57489
0.461253	0.57563	0.612397
0.538463	0.566946	0.551186
0.380326	0.634645	0.539166
0.45384	0.684246	0.515419
0.333101	0.713115	0.563406
0.308977	0.725978	0.537021
0.268281	0.798883	0.479867
0.224088	0.840123	0.380505
0.193443	0.88901	0.341046
0.157645	0.924772	0.266208
0.144385	0.940424	0.226616
0.120006	0.955481	0.169454
0.0876673	0.969639	0.103071
0.0466151	0.977392	0.030413
0.0649868	0.972211	0.101111
0.0827973	0.957561	0.19103
0.079981	0.960077	0.179398
0.0912225	0.958845	0.181599
0.0944441	0.958842	0.180019
0.101984	0.957934	0.180864
0.101169	0.956593	0.188223
0.521483	-0.761652	0.32797
0.589299	-0.703352	0.342937
0.683572	-0.599437	0.363914
0.692666	-0.560157	0.406275
0.690497	-0.573022	0.390768
0.748306	-0.409879	0.478326
0.744793	-0.402155	0.489661
0.778643	-0.280912	0.519254
0.829252	-0.131884	0.499763
0.794848	-0.144849	0.550534
0.836177	-0.034074	0.500189
0.802883	0.0647149	0.550308
0.830549	0.132209	0.489163
0.763267	0.131838	0.591507
0.74159	0.279189	0.56344
0.652479	0.34684	0.638222
0.672972	0.525235	0.467518
0.579152	0.523917	0.581955
0.621277	0.551616	0.50465
0.595298	0.583731	0.485072
0.508796	0.640883	0.530282
0.416892	0.696378	0.525487
0.380822	0.748234	0.470408
0.291572	0.771861	0.475232
0.341743	0.845657	0.337824
0.203216	0.893378	0.331499
0.241698	0.90425	0.27329
0.150199	0.934374	0.242237
0.13074	0.941725	0.228646
0.101146	0.962627	0.144798
0.0273575	0.976548	0.0649086
0.0742715	0.96574	0.147801
0.0842639	0.955977	0.197935
0.0936685	0.955304	0.197775
0.100989	0.948336	0.226089
0.0929511	0.955723	0.196542
0.113555	0.959177	0.166802
0.131379	0.958052	0.160105
0.485305	-0.783726	0.331549
0.535938	-0.713982	0.403057
0.633331	-0.663039	0.344031
0.650501	-0.650911	0.334271
0.675542	-0.589676	0.391989
0.710043	-0.515443	0.431971
0.732705	-0.452461	0.463073
0.765333	-0.363663	0.487373
0.783725	-0.30642	0.496138
0.839026	-0.147045	0.475734
0.835992	-0.119259	0.489104
0.857443	0.0545939	0.45621
0.8434	0.24442	0.419945
0.867067	0.141811	0.41803
0.833541	0.286893	0.400776
0.721896	0.433894	0.483294
0.797593	0.399189	0.379549
0.6778	0.529414	0.453301
0.643076	0.577081	0.431342
0.623164	0.57268	0.478247
0.611572	0.640003	0.399251
0.434777	0.742635	0.459562
0.507231	0.706608	0.438074
0.396565	0.755345	0.470702
0.38206	0.816178	0.373673
0.324434	0.871276	0.297556
0.394253	0.87247	0.191709
0.317071	0.90627	0.185938
0.330069	0.912127	0.129165
0.152142	0.966249	0.0447474
0.174587	0.955883	0.120648
0.0823917	0.959602	0.178803
0.0918688	0.951162	0.216343
0.0936506	0.948216	0.229138
0.124014	0.953216	0.190917
0.0958625	0.945769	0.238889
0.094728	0.94719	0.233706
0.110344	0.95059	0.211934
0.519197	-0.764771	0.324649
0.556377	-0.725439	0.351475
0.583024	-0.681509	0.393158
0.64011	-0.635068	0.381317
0.685577	-0.552036	0.42749
0.688931	-0.548917	0.426305
0.715556	-0.485366	0.457342
0.760202	-0.356	0.499747
0.781582	-0.287583	0.511893
0.798548	-0.206199	0.522619
0.810396	-0.14272	0.525449
0.824904	0.0680958	0.516204
0.812874	0.095323	0.53126
0.859457	0.218429	0.396316
0.804514	0.169917	0.521223
0.825437	0.35933	0.366924
0.774424	0.457865	0.360939
0.748493	0.50374	0.319486
0.69155	0.562623	0.286696
0.626312	0.661963	0.327163
0.664744	0.64787	0.259198
0.563214	0.648603	0.460352
0.506279	0.775486	0.297127
0.471912	0.817026	0.24342
0.455676	0.84724	0.167744
0.420376	0.855261	0.215748
0.385132	0.885124	0.154927
0.373666	0.891291	0.144925
0.345498	0.915205	0.015017
0.230997	0.949488	0.0593064
0.200862	0.953912	0.0924681
0.242933	0.945032	0.0851649
0.135332	0.949041	0.20243
0.173756	0.95366	0.143071
0.0405415	0.978913	0.0211608
0.0980939	0.949228	0.223534
-0.00526488	0.977217	0.0750574
0.0580455	0.959934	0.189187
0.597797	-0.73089	0.261142
0.555502	-0.738738	0.324413
0.652276	-0.689653	0.241292
0.623801	-0.674482	0.338886
0.656085	-0.607921	0.397508
0.710222	-0.500286	0.449716
0.734374	-0.454162	0.459392
0.746119	-0.406591	0.482833
0.78974	-0.315166	0.481527
0.801193	-0.183689	0.526993
0.825448	-0.143747	0.500423
0.805553	-0.124654	0.536226
0.816995	-0.0512477	0.529516
0.803738	0.0810679	0.539651
0.78499	0.245663	0.520227
0.80485	0.361546	0.411509
0.760994	0.381735	0.470958
0.696008	0.598355	0.299609
0.65868	0.628103	0.341475
0.683102	0.615783	0.292481
0.608742	0.708099	0.236471
0.595263	0.736347	0.209923
0.560332	0.777824	0.131056
0.530799	0.806409	0.111691
0.487413	0.84135	0.0602415
0.448368	0.858578	0.121803
0.431179	0.872183	0.0847818
0.364677	0.901275	0.109815
0.36393	0.902774	0.0982946
0.318392	0.924678	0.041279
0.272151	0.93915	0.0531606
0.24196	0.944935	0.0900511
0.280529	0.937158	0.0521645
0.208503	0.954503	0.073819
0.22575	0.953352	0.0159991
0.0599765	0.971602	0.113148
0.016546	0.978068	-0.0580346
0.00743395	0.978837	-0.0465604
0.600541	-0.753063	0.179747
0.596615	-0.735652	0.249919
0.617874	-0.733879	0.197981
0.702981	-0.61701	0.288395
0.736804	-0.546031	0.340651
0.756221	-0.507336	0.356958
0.770791	-0.482404	0.359247
0.806209	-0.354612	0.421881
0.830025	-0.339381	0.389819
0.835681	-0.238331	0.443667
0.854879	-0.143553	0.446955
0.830795	-0.103325	0.499771
0.836832	0.0306093	0.497233
0.809694	0.0274179	0.540935
0.812013	0.140219	0.520664
0.784939	0.252728	0.517841
0.714353	0.478326	0.446149
0.676806	0.57014	0.395075
0.600503	0.668872	0.366863
0.610514	0.679049	0.331738
0.596972	0.715296	0.275935
0.557662	0.77701	0.133017
0.51871	0.809406	0.160778
0.505716	0.82815	0.0725719
0.490808	0.835549	0.0367157
0.467873	0.854064	-0.00655838
0.463765	0.854663	-0.0167199
0.434625	0.872047	0.0373322
0.415365	0.884513	-0.0103219
0.357074	0.911094	0.0203864
0.333916	0.920159	0.021987
0.303914	0.930975	0.0065743
0.337584	0.91837	-0.0473171
0.132903	0.969833	0.041192
0.327152	0.923063	-0.0326088
0.116535	0.972826	-0.0231112
0.234892	0.946558	-0.0964473
0.0567937	0.97454	-0.0867294
0.570535	-0.787542	0.117343
0.604526	-0.748766	0.183445
0.616382	-0.742251	0.168673
0.662033	-0.683497	0.231394
0.686136	-0.6476	0.259626
0.71714	-0.592146	0.303844
0.745873	-0.528441	0.3473
0.800697	-0.406577	0.383963
0.797185	-0.430322	0.368214
0.853825	-0.250825	0.402811
0.870554	-0.154013	0.411903
0.860323	0.12489	0.43619
0.891299	0.0676802	0.388589
0.834251	0.229676	0.444057
0.811594	0.338526	0.400119
0.804345	0.250092	0.480405
0.752683	0.479739	0.371329
0.682011	0.589982	0.358024
0.561833	0.725896	0.328031
0.522368	0.768972	0.290268
0.551861	0.769534	0.219086
0.550166	0.776556	0.207704
0.488275	0.831417	0.146189
0.47834	0.847128	0.0519361
0.449475	0.865047	0.0120797
0.44317	0.867434	-0.032686
0.424093	0.874209	-0.0818098
0.419275	0.872286	-0.117696
0.386056	0.872182	-0.211129
0.354809	0.912278	0.00671104
0.321401	0.872701	-0.305762
0.34943	0.910367	-0.0903876
0.341288	0.916124	-0.0615495
0.333441	0.920494	-0.0361746
0.307021	0.916284	-0.162517
0.169527	0.964211	-0.0432613
0.302703	0.925227	-0.113048
0.304002	0.931278	-0.0278094
0.536777	-0.818287	0.0417089
0.59042	-0.767221	0.14928
0.599974	-0.764741	0.115809
0.654439	-0.704027	0.184292
0.682044	-0.671527	0.202224
0.70756	-0.641878	0.206262
0.793387	-0.500176	0.276258
0.758558	-0.489592	0.375752
0.836897	-0.380041	0.331056
0.833975	-0.304815	0.407665
0.86282	-0.179563	0.418917
0.879198	-0.0898365	0.410163
0.899285	0.0566105	0.368534
0.894341	0.114825	0.366952
0.873671	0.17006	0.391436
0.821683	0.338779	0.32924
0.76092	0.490757	0.328215
0.710562	0.582744	0.283704
0.639002	0.682807	0.22547
0.613261	0.686157	0.305362
0.591927	0.71386	0.285699
0.530508	0.795038	0.184756
0.511745	0.815242	0.147004
0.474702	0.842839	0.103568
0.46067	0.859772	0.0370548
0.431484	0.874448	-0.0588345
0.437664	0.8736	-0.0194755
0.394782	0.877551	-0.166783
0.432123	0.863852	-0.151647
0.376717	0.865015	-0.258109
0.369722	0.882303	-0.207507
0.316248	0.89109	-0.255627
0.357591	0.885708	-0.217639
0.311316	0.910592	-0.184205
0.303637	0.920686	-0.143209
0.303925	0.926577	-0.0976058
0.298639	0.924869	-0.126205
0.293218	0.929238	-0.105717
0.509456	-0.836242	0.0152078
0.568849	-0.793917	0.0709294
0.554389	-0.805815	0.0454665
0.611493	-0.759547	0.085162
0.626518	-0.746361	0.0877563
0.742348	-0.607161	0.190646
0.771435	-0.580616	0.149282
0.850999	-0.397466	0.264426
0.890726	-0.338645	0.209767
0.887879	-0.264932	0.298297
0.935824	-0.129199	0.230504
0.900447	-0.0810355	0.36279
0.944576	-0.017039	0.221697
0.91131	0.199726	0.27533
0.876726	0.224372	0.355169
0.819964	0.397515	0.332598
0.801414	0.465644	0.287128
0.692063	0.62145	0.174152
0.626528	0.734257	0.0798162
0.587445	0.755078	0.143719
0.564989	0.769705	0.12981
0.550335	0.782436	0.15757
0.528249	0.802477	0.14068
0.485266	0.844581	0.0605824
0.482635	0.845873	0.0547876
0.461769	0.860593	-0.0137466
0.445403	0.866947	-0.0631495
0.432943	0.870848	-0.105009
0.387945	0.877361	-0.194595
0.379033	0.88218	-0.190662
0.355626	0.877497	-0.249777
0.366561	0.869206	-0.263244
0.368855	0.88224	-0.213929
0.352326	0.893883	-0.192598
0.339219	0.907202	-0.149175
0.301438	0.924755	-0.120441
0.323357	0.918904	-0.108877
0.327606	0.916539	-0.115397
0.480712	-0.85335	-0.0178345
0.519909	-0.82971	0.0197788
0.534638	-0.820063	-0.0180541
0.579939	-0.787885	0.0263449
0.60963	-0.765143	0.0111817
0.708563	-0.671059	0.0637458
0.748185	-0.628637	0.0352053
0.792821	-0.555074	0.130153
0.818536	-0.52492	0.0849415
0.903404	-0.295313	0.21006
0.860351	-0.434322	0.142596
0.943682	-0.16914	0.158884
0.967249	-0.0276167	0.0971512
0.882836	0.264726	0.294636
0.943204	0.181733	0.00309368
0.846032	0.358576	0.31039
0.876213	0.373018	-0.0721375
0.796842	0.528561	0.135958
0.59115	0.769947	-0.0355988
0.600871	0.755074	0.0846531
0.560473	0.794672	-0.0330452
0.478772	0.835305	-0.129926
0.522507	0.808851	0.100081
0.521424	0.810664	0.0670775
0.48864	0.841529	0.00510626
0.461566	0.859351	-0.0274843
0.433923	0.869855	-0.0958172
0.414326	0.871572	-0.163181
0.388623	0.866021	-0.239634
0.359143	0.886466	-0.209991
0.394418	0.843553	-0.303955
0.374509	0.866383	-0.26232
0.364717	0.891545	-0.180557
0.358343	0.895537	-0.173369
0.35348	0.897287	-0.174504
0.339881	0.908177	-0.142387
0.34943	0.902741	-0.153373
0.334852	0.910953	-0.136723
0.4465	-0.870048	-0.0581431
0.488361	-0.848703	-0.0245038
0.504501	-0.837897	-0.0498162
0.57006	-0.795631	-0.0192081
0.614132	-0.761005	-0.0370621
0.68466	-0.698641	-0.0247371
0.74498	-0.630548	-0.065692
0.780113	-0.588626	-0.0192105
0.856093	-0.465595	-0.0724785
0.819376	-0.528513	0.0534482
0.917006	-0.335415	0.0147467
0.927393	-0.28316	0.0825567
0.932858	-0.272815	0.0474836
0.9342	-0.190639	0.103565
0.970097	-0.0161899	0.0251437
0.912274	0.303192	-0.0553388
0.959725	0.0785002	-0.0605483
0.711298	0.651966	0.0890414
0.800079	0.518015	-0.16389
0.662799	0.699053	-0.0150531
0.632668	0.689301	-0.244185
0.510169	0.820626	-0.104422
0.513225	0.819162	-0.120846
0.471393	0.848966	-0.0133695
0.414165	0.859693	-0.197613
0.467748	0.855166	-0.0456549
0.448155	0.867066	-0.0329339
0.434101	0.866899	-0.126037
0.406982	0.874127	-0.168043
0.324376	0.901978	-0.201242
0.350648	0.882763	-0.239423
0.372026	0.872804	-0.244743
0.362682	0.888717	-0.19695
0.356851	0.897011	-0.168558
0.347068	0.905314	-0.14378
0.348349	0.904303	-0.146199
0.348346	0.906529	-0.132828
0.347252	0.907052	-0.131987
0.467725	-0.85554	-0.0954776
0.47931	-0.852092	-0.0581027
0.496858	-0.837835	-0.100479
0.548848	-0.807868	-0.0710919
0.589606	-0.775527	-0.0969132
0.641742	-0.736441	-0.0579054
0.662649	-0.712903	-0.101893
0.735208	-0.630887	-0.137398
0.740612	-0.616814	-0.167328
0.877028	-0.430203	-0.013969
0.906872	-0.353787	-0.0655938
0.864419	-0.453759	-0.0259137
0.909918	-0.347016	-0.0517891
0.917506	-0.320016	-0.0430749
0.91108	-0.339683	-0.0525168
0.949804	-0.199753	-0.00393518
0.954631	-0.132806	-0.0905275
0.782666	0.399106	-0.172116
0.805822	0.413255	-0.306746
0.667346	0.602547	-0.22015
0.638479	0.646764	-0.31329
0.634601	0.711761	-0.171528
0.482862	0.748419	-0.382687
0.473588	0.821525	-0.218645
0.31841	0.811774	-0.438969
0.369458	0.856436	-0.287651
0.402741	0.877959	-0.141122
0.390576	0.887452	-0.129906
0.386213	0.886331	-0.150831
0.37501	0.895574	-0.126086
0.371442	0.899681	-0.109182
0.34924	0.894359	-0.195655
0.341845	0.904114	-0.161249
0.355892	0.899443	-0.156422
0.333232	0.915754	-0.104989
0.332272	0.915688	-0.109012
0.324702	0.919159	-0.102008
0.355633	0.897776	-0.168211
0.503691	-0.826309	-0.152923
0.481053	-0.845458	-0.115054
0.509361	-0.824664	-0.140274
0.544542	-0.803479	-0.13039
0.595013	-0.762807	-0.151703
0.620558	-0.746865	-0.121666
0.65139	-0.706831	-0.181982
0.685161	-0.683097	-0.145401
0.724578	-0.602113	-0.262709
0.815342	-0.502586	-0.197062
0.793821	-0.498143	-0.27622
0.821021	-0.492212	-0.196163
0.845683	-0.406076	-0.273958
0.905218	-0.282507	-0.230551
0.88739	-0.240848	-0.328136
0.940595	-0.236545	-0.0952675
0.953225	-0.0484894	-0.180975
0.927698	0.09864	-0.267868
0.917402	0.106969	-0.298494
0.719191	0.489342	-0.426789
0.594056	0.619435	-0.449274
0.5532	0.68541	-0.388677
0.452234	0.762114	-0.38886
0.425839	0.795688	-0.359424
0.399559	0.765774	-0.445913
0.301334	0.793872	-0.481406
0.327962	0.841001	-0.376561
0.345823	0.854673	-0.324823
0.35561	0.886487	-0.213416
0.369862	0.896603	-0.131549
0.33665	0.896736	-0.203593
0.366133	0.902847	-0.103324
0.359731	0.907643	-0.0821087
0.336685	0.909582	-0.14093
0.336972	0.913915	-0.108892
0.326811	0.917921	-0.105923
0.352649	0.912429	-0.0612992
0.327271	0.918318	-0.10176
0.57082	-0.758198	-0.243089
0.549922	-0.783193	-0.209902
0.543	-0.79357	-0.186638
0.567812	-0.778462	-0.174908
0.602075	-0.733229	-0.241762
0.629105	-0.710923	-0.239318
0.649642	-0.664533	-0.306691
0.678147	-0.657035	-0.256254
0.695301	-0.588911	-0.356305
0.735516	-0.53241	-0.363403
0.724564	-0.498191	-0.42686
0.786931	-0.426048	-0.392925
0.818452	-0.326087	-0.419338
0.888851	-0.313381	-0.250259
0.824858	-0.239158	-0.464859
0.913785	-0.0809509	-0.330945
0.878912	-0.0271032	-0.421967
0.835559	0.0696428	-0.497895
0.865706	0.129894	-0.429375
0.733172	0.424168	-0.47599
0.598653	0.541739	-0.54842
0.540219	0.650139	-0.47768
0.507541	0.661846	-0.496205
0.421934	0.737957	-0.469767
0.44577	0.680351	-0.535939
0.296511	0.757021	-0.537093
0.251803	0.753207	-0.568459
0.355459	0.874023	-0.25898
0.2768	0.816099	-0.463588
0.310149	0.872897	-0.316147
0.261387	0.852592	-0.404614
0.309552	0.894218	-0.252647
0.304627	0.905162	-0.217516
0.316197	0.916608	-0.140934
0.298123	0.915767	-0.180225
0.338392	0.917737	-0.0599236
0.301583	0.914024	-0.183587
0.340201	0.915799	-0.0783357
0.591618	-0.726438	-0.286147
0.558812	-0.77558	-0.214317
0.571753	-0.762896	-0.224132
0.58752	-0.746034	-0.23928
0.621067	-0.694142	-0.301826
0.63123	-0.682307	-0.307073
0.656068	-0.625976	-0.368941
0.67125	-0.607761	-0.371062
0.692191	-0.542697	-0.429095
0.719154	-0.475713	-0.461823
0.706912	-0.479442	-0.476918
0.741427	-0.392732	-0.502469
0.733527	-0.261662	-0.59028
0.788956	-0.318794	-0.479788
0.719917	-0.0988404	-0.653964
0.831017	-0.183409	-0.478379
0.757163	-0.0131222	-0.615755
0.78826	0.139932	-0.558686
0.750372	0.154954	-0.604385
0.75335	0.272256	-0.555155
0.684844	0.382083	-0.581178
0.641949	0.413477	-0.607348
0.54767	0.552938	-0.589173
0.46759	0.639719	-0.569422
0.389087	0.679223	-0.582019
0.244524	0.726859	-0.60332
0.274861	0.684623	-0.640604
0.232855	0.735868	-0.599848
0.196489	0.69035	-0.664225
0.299911	0.850371	-0.380306
0.186507	0.706938	-0.650885
0.254568	0.857287	-0.399384
0.2571	0.878483	-0.348955
0.300551	0.912336	-0.192884
0.286286	0.909685	-0.224745
0.25135	0.878243	-0.35401
0.299342	0.906242	-0.221956
0.35737	0.90886	-0.0809438
0.583819	-0.735098	-0.280117
0.589402	-0.732635	-0.274137
0.593773	-0.729455	-0.272152
0.603046	-0.717834	-0.283147
0.618656	-0.68351	-0.330176
0.633979	-0.663988	-0.340589
0.660408	-0.59453	-0.411442
0.674057	-0.569626	-0.423425
0.682988	-0.518693	-0.471863
0.697698	-0.472343	-0.49815
0.712026	-0.391592	-0.544625
0.725587	-0.360398	-0.548358
0.715187	-0.266925	-0.611726
0.722373	-0.204761	-0.626835
0.690312	-0.109621	-0.684284
0.683682	-0.0241289	-0.69891
0.663699	0.01285	-0.717969
0.667049	0.128014	-0.701781
0.663981	0.198062	-0.68738
0.672724	0.259336	-0.658234
0.602838	0.334153	-0.691133
0.578111	0.404902	-0.674255
0.513462	0.467733	-0.68705
0.373848	0.593153	-0.680826
0.361925	0.596757	-0.684785
0.294685	0.678165	-0.638587
0.296814	0.624529	-0.692024
0.246152	0.660341	-0.678139
0.201662	0.627869	-0.723009
0.183242	0.679077	-0.680327
0.146928	0.665327	-0.702833
0.200762	0.762983	-0.579848
0.21337	0.814612	-0.500377
0.253349	0.889535	-0.3231
0.198573	0.799369	-0.530532
0.241891	0.875025	-0.368466
0.213636	0.836806	-0.462404
0.259157	0.884421	-0.333016
0.597162	-0.70966	-0.315342
0.596606	-0.716713	-0.299919
0.600392	-0.711948	-0.303091
0.603885	-0.709354	-0.302143
0.624456	-0.664722	-0.357001
0.640517	-0.631182	-0.388014
0.648856	-0.59777	-0.425091
0.669929	-0.547237	-0.458378
0.680022	-0.507253	-0.488718
0.697007	-0.434738	-0.531948
0.695653	-0.378679	-0.575293
0.708648	-0.288053	-0.61013
0.700286	-0.27856	-0.624245
0.697516	-0.17583	-0.663454
0.679729	-0.0784345	-0.699142
0.670472	-0.0405983	-0.711618
0.62523	0.104164	-0.74403
0.624197	0.188184	-0.727051
0.589167	0.207302	-0.752368
0.56588	0.280334	-0.74474
0.515246	0.337372	-0.759697
0.553535	0.363136	-0.718145
0.474295	0.455949	-0.721816
0.408466	0.53571	-0.709134
0.364718	0.558926	-0.715164
0.334279	0.601683	-0.694564
0.271863	0.601177	-0.722793
0.260898	0.587814	-0.738163
0.220393	0.56982	-0.765275
0.146087	0.61924	-0.743837
0.215593	0.609601	-0.735825
0.15015	0.691287	-0.677251
0.154373	0.704662	-0.662425
0.233993	0.841326	-0.443864
0.179753	0.758993	-0.593066
0.176214	0.748921	-0.60659
0.181774	0.769885	-0.578307
0.230419	0.869418	-0.388638
0.592082	-0.719572	-0.302194
0.600431	-0.702215	-0.325899
0.599933	-0.705043	-0.320191
0.61131	-0.688362	-0.334792
0.620741	-0.664021	-0.365148
0.638149	-0.617576	-0.41319
0.662009	-0.529643	-0.49023
0.666912	-0.541077	-0.470435
0.671512	-0.469202	-0.536245
0.681323	-0.440052	-0.548024
0.67908	-0.369545	-0.600669
0.688067	-0.352276	-0.60036
0.681137	-0.226442	-0.665655
0.677223	-0.17014	-0.685636
0.630347	0.0122747	-0.748584
0.634681	0.026284	-0.744096
0.618222	0.0741171	-0.755151
0.604558	0.134584	-0.757308
0.543663	0.252257	-0.773616
0.553311	0.240464	-0.770343
0.531627	0.275342	-0.773621
0.49973	0.358188	-0.7598
0.477236	0.390158	-0.757271
0.409687	0.46109	-0.758927
0.374051	0.483757	-0.764133
0.34596	0.563868	-0.720459
0.321716	0.56727	-0.729799
0.270567	0.56628	-0.751481
0.263262	0.562122	-0.757269
0.207898	0.56314	-0.773962
0.232393	0.577956	-0.755954
0.217756	0.618989	-0.727319
0.226037	0.632549	-0.713051
0.157993	0.722591	-0.642292
0.239178	0.637311	-0.704591
0.236395	0.645738	-0.697969
0.183346	0.706954	-0.65323
0.185589	0.714995	-0.643971
0.603184	-0.69955	-0.327176
0.605926	-0.691582	-0.338798
0.607147	-0.687938	-0.343646
0.609403	-0.687393	-0.340443
0.626263	-0.645721	-0.388007
0.638481	-0.61044	-0.423654
0.654093	-0.545106	-0.484206
0.663711	-0.505975	-0.512557
0.669275	-0.444598	-0.560187
0.673363	-0.41495	-0.577631
0.673607	-0.405238	-0.58365
0.680983	-0.345604	-0.612329
0.672522	-0.279085	-0.654687
0.670477	-0.149672	-0.697284
0.650528	-0.120483	-0.721927
0.643408	-0.0529628	-0.735893
0.606912	0.0452176	-0.767052
0.555029	0.20574	-0.779377
0.536465	0.214242	-0.790276
0.5456	0.231391	-0.778669
0.489858	0.32072	-0.784667
0.513583	0.306844	-0.773917
0.470502	0.364339	-0.776856
0.438218	0.421596	-0.766448
0.38375	0.452346	-0.778495
0.347896	0.497962	-0.767072
0.327066	0.514031	-0.766003
0.303385	0.570506	-0.735359
0.293101	0.525349	-0.772632
0.23169	0.550243	-0.776364
0.269024	0.522378	-0.783913
0.248728	0.591652	-0.739997
0.275868	0.538942	-0.770344
0.194295	0.672122	-0.68589
0.261758	0.57059	-0.75234
0.256213	0.592185	-0.737358
0.250093	0.625655	-0.711356
0.205413	0.683646	-0.671227
0.614011	-0.671994	-0.363539
0.610264	-0.6811	-0.352003
0.614183	-0.671818	-0.36306
0.616917	-0.667999	-0.365023
0.630443	-0.631818	-0.404176
0.640755	-0.596755	-0.439483
0.646708	-0.570607	-0.464677
0.659717	-0.500117	-0.523669
0.66111	-0.453426	-0.562991
0.668447	-0.353175	-0.622707
0.667464	-0.343153	-0.629246
0.670604	-0.31632	-0.639618
0.659108	-0.232634	-0.685897
0.656657	-0.212872	-0.69486
0.64217	-0.126014	-0.728738
0.623046	-0.0375357	-0.754809
0.621877	-0.0531674	-0.754713
0.565952	0.145868	-0.785648
0.561455	0.142023	-0.789849
0.525874	0.234013	-0.792305
0.502285	0.275998	-0.794118
0.454404	0.366662	-0.786027
0.476379	0.313053	-0.796263
0.418567	0.413411	-0.782518
0.41136	0.413025	-0.786611
0.36947	0.449296	-0.787703
0.337826	0.479014	-0.784203
0.30575	0.510133	-0.777938
0.336347	0.447302	-0.803769
0.324997	0.446867	-0.808658
0.308016	0.467903	-0.803671
0.308088	0.479572	-0.796835
0.314496	0.488473	-0.789022
0.246604	0.605074	-0.730031
0.298925	0.519673	-0.775253
0.286409	0.542872	-0.763967
0.269565	0.574752	-0.7465
0.262622	0.592864	-0.734584
0.620722	-0.651573	-0.388588
0.620066	-0.655849	-0.382316
0.622159	-0.649339	-0.38995
0.62252	-0.653385	-0.381702
0.638538	-0.594748	-0.445955
0.651155	-0.525594	-0.509596
0.653809	-0.501408	-0.530038
0.656849	-0.468276	-0.556068
0.659061	-0.4168	-0.59337
0.658248	-0.351222	-0.634906
0.651552	-0.274351	-0.678275
0.657618	-0.292391	-0.664271
0.632123	-0.15973	-0.731189
0.629864	-0.125269	-0.739447
0.621724	-0.0973784	-0.750595
0.626177	-0.0855182	-0.748314
0.60412	-0.0315385	-0.77059
0.601092	0.014726	-0.773231
0.57399	0.0638471	-0.791204
0.541741	0.17154	-0.797746
0.521246	0.219537	-0.799565
0.477618	0.315149	-0.794783
0.49083	0.274374	-0.801977
0.449991	0.367878	-0.787675
0.43678	0.3621	-0.798253
0.397652	0.417705	-0.791503
0.374432	0.433755	-0.794111
0.351956	0.458191	-0.790802
0.362522	0.412743	-0.811046
0.358011	0.407627	-0.815983
0.34896	0.419087	-0.813874
0.333149	0.448177	-0.804905
0.333377	0.456768	-0.800166
0.279036	0.546648	-0.763695
0.338559	0.459933	-0.796212
0.312372	0.49304	-0.787129
0.289507	0.552024	-0.756223
0.316981	0.49735	-0.782633
0.619257	-0.639257	-0.410813
0.619667	-0.654468	-0.385548
0.622537	-0.629874	-0.420172
0.626129	-0.637249	-0.403321
0.633936	-0.610826	-0.431101
0.64877	-0.537538	-0.500957
0.650722	-0.522413	-0.514265
0.657276	-0.435324	-0.582156
0.658552	-0.387059	-0.614085
0.655554	-0.311406	-0.658518
0.650067	-0.267642	-0.682424
0.644829	-0.223638	-0.702685
0.628321	-0.146376	-0.737809
0.625402	-0.127294	-0.743229
0.622729	-0.121541	-0.746195
0.600507	-0.0398593	-0.773007
0.583249	0.0191199	-0.786989
0.5768	0.0554662	-0.789893
0.562419	0.0931159	-0.796783
0.550554	0.123111	-0.800858
0.53412	0.160186	-0.805509
0.522745	0.191974	-0.805794
0.515909	0.200853	-0.808205
0.460947	0.328671	-0.799101
0.469588	0.282695	-0.811739
0.39909	0.403339	-0.798558
0.379153	0.397853	-0.811238
0.387158	0.413623	-0.79902
0.374046	0.391947	-0.816702
0.367607	0.399389	-0.816048
0.355876	0.42179	-0.809679
0.355178	0.42484	-0.808287
0.360869	0.420087	-0.808155
0.324792	0.469476	-0.796299
0.351987	0.435564	-0.804001
0.349874	0.441755	-0.801627
0.304135	0.514962	-0.776394
0.357983	0.431643	-0.803526
0.614676	-0.634307	-0.425175
0.617149	-0.633902	-0.422176
0.619371	-0.639197	-0.410806
0.616559	-0.632753	-0.424718
0.629742	-0.588882	-0.466387
0.641379	-0.546175	-0.501172
0.657559	-0.448356	-0.572123
0.65506	-0.319899	-0.655186
0.655971	-0.385204	-0.618305
0.651165	-0.281106	-0.67627
0.649332	-0.262143	-0.685588
0.63482	-0.177354	-0.724917
0.622109	-0.128225	-0.746202
0.621811	-0.119611	-0.747756
0.613136	-0.0857011	-0.759761
0.594997	-0.0238584	-0.777949
0.562001	0.0732307	-0.799118
0.559961	0.0841311	-0.799498
0.549307	0.10673	-0.804262
0.55326	0.0976405	-0.802663
0.520019	0.174041	-0.811802
0.516309	0.187628	-0.811082
0.499642	0.226036	-0.811614
0.474651	0.262641	-0.815744
0.449313	0.316246	-0.81115
0.429666	0.341182	-0.81192
0.412978	0.355659	-0.814404
0.389745	0.371806	-0.818896
0.413696	0.345974	-0.818538
0.389815	0.379611	-0.815161
0.368154	0.405497	-0.812559
0.371594	0.408959	-0.809205
0.378943	0.403703	-0.808444
0.340019	0.447327	-0.802664
0.385762	0.391923	-0.810988
0.362601	0.422078	-0.806492
0.371361	0.408943	-0.809327
0.382887	0.395331	-0.810814
0.614037	-0.618181	-0.449228
0.615226	-0.623337	-0.440422
0.615887	-0.627494	-0.433523
0.616441	-0.62849	-0.431217
0.617392	-0.596361	-0.473418
0.636342	-0.558801	-0.493675
0.633843	-0.563906	-0.491163
0.646197	-0.498993	-0.542553
0.649112	-0.439798	-0.588392
0.65088	-0.271336	-0.680893
0.621818	-0.117534	-0.748546
0.642999	-0.225848	-0.704262
0.634826	-0.181758	-0.724412
0.620489	-0.116983	-0.749516
0.600877	-0.049189	-0.772831
0.585543	0.00441123	-0.785782
0.573467	0.0406673	-0.793594
0.579281	0.023761	-0.789826
0.52841	0.155096	-0.810638
0.523951	0.165284	-0.811212
0.51135	0.194373	-0.813171
0.491295	0.231337	-0.815702
0.466778	0.274472	-0.816495
0.450229	0.300455	-0.816804
0.453653	0.297809	-0.816234
0.439354	0.315912	-0.816927
0.448468	0.305334	-0.816389
0.422504	0.333014	-0.819209
0.436404	0.319504	-0.81749
0.412596	0.358351	-0.813646
0.427359	0.342082	-0.81314
0.397939	0.378082	-0.811845
0.428592	0.341637	-0.81271
0.367282	0.411901	-0.809539
0.406249	0.365461	-0.813484
0.381028	0.396165	-0.811098
0.396191	0.378401	-0.812605
0.405059	0.365693	-0.814098
0.622576	-0.574589	-0.493225
0.613724	-0.601516	-0.471767
0.619491	-0.558233	-0.515407
0.622542	-0.547809	-0.522864
0.626831	-0.550186	-0.515146
0.625603	-0.545346	-0.521705
0.63916	-0.40058	-0.626008
0.641901	-0.475178	-0.568417
0.635209	-0.368582	-0.649259
0.650267	-0.346243	-0.646651
0.641408	-0.322276	-0.667613
0.616272	-0.160047	-0.745306
0.626163	-0.138359	-0.741293
0.6083	-0.0768868	-0.764773
0.582996	-0.0340062	-0.787308
0.587306	-0.00561815	-0.784714
0.580995	0.0211396	-0.789095
0.569821	0.0500508	-0.795637
0.546173	0.112809	-0.805959
0.52734	0.158836	-0.810722
0.525009	0.159673	-0.81218
0.512337	0.192324	-0.81311
0.485366	0.246742	-0.815
0.456377	0.291704	-0.816512
0.464879	0.282124	-0.815527
0.464653	0.285669	-0.814475
0.460571	0.291824	-0.814681
0.452949	0.300952	-0.815562
0.45579	0.299681	-0.814509
0.425394	0.336028	-0.816679
0.430485	0.337303	-0.813574
0.419651	0.355607	-0.811252
0.435254	0.319495	-0.818215
0.418856	0.353912	-0.812423
0.410822	0.354117	-0.816488
0.40666	0.361526	-0.815289
0.409914	0.356827	-0.815671
0.415352	0.351927	-0.815123
0.618879	-0.517913	-0.556605
0.624981	-0.514583	-0.552841
0.623879	-0.513644	-0.554976
0.622286	-0.489871	-0.577791
0.62137	-0.424092	-0.628572
0.627652	-0.469525	-0.588742
0.624583	-0.444848	-0.610754
0.63029	-0.369046	-0.653873
0.625862	-0.327278	-0.679858
0.638763	-0.315888	-0.673181
0.609297	-0.140678	-0.754934
0.603961	-0.164045	-0.754557
0.598825	-0.0571762	-0.773984
0.584786	-0.090847	-0.78148
0.581487	-0.0286759	-0.78861
0.540258	0.0619035	-0.815568
0.545842	0.0162224	-0.814099
0.535941	0.11701	-0.812362
0.516209	0.128719	-0.82327
0.525581	0.125338	-0.817857
0.531907	0.0864767	-0.818816
0.492129	0.209562	-0.821383
0.494008	0.226793	-0.815657
0.476753	0.260995	-0.815693
0.475923	0.263421	-0.815454
0.479651	0.234115	-0.822157
0.458638	0.286421	-0.817638
0.455734	0.296496	-0.815677
0.462971	0.255885	-0.825349
0.437006	0.324739	-0.815152
0.437307	0.325158	-0.814865
0.430439	0.338051	-0.813311
0.441851	0.295622	-0.82364
0.420865	0.338997	-0.817847
0.41827	0.330754	-0.822605
0.417536	0.337918	-0.820033
0.419149	0.343436	-0.816821
0.427335	0.320343	-0.822039
0.610014	-0.298377	-0.707037
0.62013	-0.404871	-0.642311
0.621076	-0.488976	-0.57985
0.587823	-0.174024	-0.764997
0.58166	-0.15976	-0.772786
0.613753	-0.356593	-0.676164
0.619375	-0.425418	-0.629626
0.59789	-0.246897	-0.736623
0.568945	-0.109063	-0.790828
0.617459	-0.390021	-0.653972
0.593269	-0.217809	-0.749409
0.607387	-0.257808	-0.724994
0.609023	-0.281945	-0.71456
0.585374	-0.186398	-0.763954
0.555049	-0.0555454	-0.806118
0.572998	-0.0666229	-0.792532
0.500242	0.133712	-0.832294
0.55888	-0.078929	-0.801521
0.533722	0.048222	-0.820848
0.540732	0.00983215	-0.817526
0.541185	0.0274356	-0.816839
0.516008	0.113449	-0.825682
0.519463	0.0689165	-0.82847
0.483452	0.221809	-0.823346
0.518456	0.0900237	-0.827041
0.473803	0.190048	-0.836816
0.46975	0.218327	-0.832202
0.496691	0.154228	-0.83091
0.465112	0.230628	-0.831525
0.452322	0.29605	-0.817787
0.438325	0.272988	-0.833235
0.519558	0.0967378	-0.825643
0.474531	0.222457	-0.828446
0.439872	0.285284	-0.828247
0.513735	0.0529113	-0.833252
0.451874	0.259795	-0.830232
0.484958	0.172158	-0.834364
0.45231	0.257847	-0.830555
0.0680679	0.971854	0.100795
-0.958839	-0.0441138	-0.194035
0.162269	0.710838	-0.654321
0.318524	0.915091	-0.146309
0.521514	-0.754136	0.344891
-0.154195	0.845801	0.468221
-0.888172	0.257463	-0.325101
0.203584	0.789946	-0.542044
-0.873648	0.38138	-0.227381
0.247048	-0.770795	0.543301
-0.893348	0.179948	-0.36121
-0.609358	0.69503	-0.325641
0.668099	-0.224253	-0.679876
0.440746	0.516163	-0.702736
-0.824129	0.457479	-0.259891
0.607916	-0.686906	-0.345152
-0.216661	0.951664	0.0883726
0.0462972	0.905231	0.372859
0.267526	0.885582	0.312511
0.542448	0.539531	0.595586
0.261629	0.898545	0.278364
0.459335	0.770768	0.378793
0.285374	-0.281215	0.892079
0.3283	0.922724	-0.0239939
0.312013	-0.669919	0.642121
0.609449	0.106041	0.75598
0.624502	-0.517178	-0.550956
0.750146	-0.0446843	-0.623608
-0.720014	-0.659591	0.000544341
0.11447	0.913373	0.336111
-0.904142	0.306229	-0.221933
-0.707524	-0.67442	0.00752619
0.510862	-0.820341	-0.159809
0.572041	-0.741931	0.28672
-0.851774	-0.471524	-0.0856289
0.018886	0.851964	0.479453
-0.153112	0.859131	0.444184
0.416959	0.382009	-0.799902
-0.713914	-0.666679	-0.02051
-0.92091	-0.31443	-0.103946
-0.0848414	0.773689	0.592705
0.428165	0.308587	-0.826084
0.39694	0.378739	-0.81205
0.0633272	0.910113	0.358091
0.662297	0.129684	0.697047
0.891615	-0.38001	0.111748
-0.937998	0.191673	-0.204123
-0.93767	0.0133562	-0.284745
0.3586	-0.260404	0.870883
-0.94678	-0.0144454	-0.251186
-0.0783866	0.771812	0.594757
-0.553583	-0.805899	0.0552958
0.843524	-0.481454	-0.111618
0.354644	0.850465	0.313353
-0.946349	0.0423429	-0.249435
0.639365	-0.168472	-0.722443
0.408017	0.871703	-0.177553
0.329071	0.479603	-0.788606
0.694092	-0.683014	0.0813004
-0.0100702	-0.963175	0.173693
-0.312228	-0.919199	0.11848
0.336392	-0.568732	0.721486
0.0604743	0.908343	0.363137
0.672214	-0.710447	0.0229883
0.404492	0.846924	-0.267038
0.316084	-0.277478	0.882891
0.728009	-0.56623	-0.325636
-0.0983649	0.791126	0.567006
-0.947897	0.150123	-0.191812
0.0973434	0.914737	0.337982
0.766537	0.0565515	0.600405
0.254205	0.907203	0.259338
0.402227	0.370027	-0.813586
0.485919	0.82866	-0.153994
0.345616	0.900983	-0.17046
0.271558	0.507309	-0.79261
0.569294	-0.113261	-0.789953
-0.21468	0.87652	0.378026
0.67163	-0.244827	0.667675
0.349713	0.914174	-0.0518603
0.292862	-0.686477	0.631073
-0.234707	0.880603	0.356929
-0.934222	0.205845	-0.208273
-0.767497	-0.60714	-0.016721
-0.497547	-0.840643	0.0722726
-0.958131	-0.138825	-0.139288
-0.901655	0.311045	-0.225434
-0.181882	0.910625	0.313148
0.762249	-0.558975	-0.251412
-0.766085	0.542033	-0.283051
-0.932271	0.177492	-0.235547
0.621783	-0.644116	-0.399386
-0.893881	0.148794	-0.373703
0.423384	0.307295	0.823307
0.387406	-0.191599	0.876994
0.716173	-0.279977	0.604678
-0.406004	-0.888392	0.0625842
-0.502926	-0.838279	0.0633946
-0.346054	0.901943	0.159046
-0.36655	-0.90577	0.0674165
0.0885205	0.9508	0.220664
0.595718	-0.025655	-0.777732
-0.585334	0.698853	-0.351498
0.043345	0.937843	0.281522
-0.82745	-0.520473	-0.0433457
-0.662244	-0.720042	0.0354055
-0.812138	-0.539814	-0.0624535
0.396733	-0.590088	0.674063
0.279679	-0.0551859	0.935191
0.616313	-0.614837	-0.450754
-0.877618	0.334427	-0.278436
-0.190148	0.946084	0.171077
0.332209	-0.645757	0.656968
